630.00000  916.52122    0.77241   0.00085   630.02017   31.9988
690.00000  1014.94904    0.76207   0.00018   689.98899  31.9988
760.00000  1009.30775    0.79310   0.00048   759.98211  31.9988
720.00000  927.28513    0.92759   0.00042   719.98594   18.0153
820.00000  1185.30636    0.76207   0.00128   820.02662  18.0153
940.00000  1237.65317    0.70000   0.00147   940.03052  18.0153
1400.00000  1950.15655    0.70000   0.00162   1400.04607   44.0095
1600.00000  2197.77185    0.70000   0.00035   1600.01339   44.0095
1660.00000  2196.62539    0.92759   0.00403   1660.05463   16.0425
2200.00000  2918.06401    0.86552   0.00251   2200.07240   16.0425
2340.00000  3176.97413    0.81379   0.00293   2340.07649   28.0101
2870.00000  3877.62620    0.85517   0.00153   2870.09189   44.0128

