lambda0    chisquare    Fmin      Sigma     Lambda      Mass     Velocity       Temperature     Visual certainty
630.00000  916.52122    0.77241   0.00085   630.02017   32	 9598.11726645	629.822997736   0.5
690.00000  1014.94904    0.76207   0.00018   689.98899  32	 -4783.64487333 23.5455365176	0.3
760.00000  1009.30775    0.79310   0.00048   759.98211  32	 -7056.9566758  138.012064463   0.9
720.00000  927.28513    0.92759   0.00042   719.98594   18	  -5854.28049927 66.2831526479   0.9
820.00000  1185.30636    0.76207   0.00128   820.02662  18	 9732.28686824	474.637232787   1.0
940.00000  1237.65317    0.70000   0.00147   940.03052  18	  9733.6870406   476.374527587   1.0
1400.00000  1950.15655    0.70000   0.00162   1400.04607   44	 9865.31324292  637.159939575 1.0
1600.00000  2197.77185    0.70000   0.00035   1600.01339   44	 2508.8881329   22.7703983369 0.1
1660.00000  2196.62539    0.92759   0.00403   1660.05463   16	 9866.06143408  1022.33689517 0.1
2200.00000  2918.06401    0.86552   0.00251   2200.07240   16	 9865.89725418  225.788698118 0.1
2340.00000  3176.97413    0.81379   0.00293   2340.07649   28	 9799.62611641  474.838861902 1.0
2870.00000  3877.62620    0.85517   0.00153   2870.09189   44	 9598.58152114  135.246531678  0.1

[32,18,44,16,28,44]

