     656.2000000000000455       1.0116445757448673
     656.2002001334222996       1.0383325219154358
     656.2004002668445537       0.9406203739345074
     656.2006004002669215       0.9656376354396343
     656.2008005336891756       0.9977481041569263
     656.2010006671114297       1.0119461612775922
     656.2012008005336838       0.9884249726310372
     656.2014009339560516       1.0360073186457157
     656.2016010673783057       1.0423049889504910
     656.2018012008005599       1.0363026075065136
     656.2020013342228140       1.0325767584145069
     656.2022014676451818       0.9282444491982460
     656.2024016010674359       0.9800509680062532
     656.2026017344896900       0.9971201235894114
     656.2028018679119441       0.9876093091443181
     656.2030020013343119       0.9025591686367989
     656.2032021347565660       0.9689738992601633
     656.2034022681788201       0.9725152067840099
     656.2036024016010742       0.9207524135708809
     656.2038025350234420       1.0041201631538570
     656.2040026684456961       0.9852099101990461
     656.2042028018679503       1.0921576172113419
     656.2044029352902044       1.0296949297189713
     656.2046030687125722       0.9820269066840410
     656.2048032021348263       0.9897901881486177
     656.2050033355570804       1.0169126242399216
     656.2052034689793345       1.0320618860423565
     656.2054036024017023       1.0156242987141013
     656.2056037358239564       1.0770489498972893
     656.2058038692462105       0.9860104452818632
     656.2060040026684646       1.0262839645147324
     656.2062041360907187       1.0157737955451012
     656.2064042695130865       0.9828939978033304
     656.2066044029353407       0.9829268548637629
     656.2068045363575948       1.0333453305065632
     656.2070046697798489       1.0347908549010754
     656.2072048032022167       0.9708101470023394
     656.2074049366244708       0.9927454171702266
     656.2076050700467249       0.9879563497379422
     656.2078052034689790       0.9615807048976421
     656.2080053368913468       0.9361795261502266
     656.2082054703136009       1.0199943445622921
     656.2084056037358550       1.0297484975308180
     656.2086057371581092       0.9654493108391762
     656.2088058705804769       0.9654696471989155
     656.2090060040027311       1.0588486455380917
     656.2092061374249852       0.9896587589755654
     656.2094062708472393       0.9244581311941147
     656.2096064042696071       0.9298849403858185
     656.2098065376918612       0.9996736560424324
     656.2100066711141153       0.9592732973396778
     656.2102068045363694       0.9744695294648409
     656.2104069379587372       0.9746096488088369
     656.2106070713809913       0.8882890194654465
     656.2108072048032454       1.0396109782159328
     656.2110073382254996       1.1001827269792557
     656.2112074716477537       1.0604471564292908
     656.2114076050701215       0.9893425703048706
     656.2116077384923756       1.0160783398896456
     656.2118078719146297       0.9479695558547974
     656.2120080053368838       1.0416450984776020
     656.2122081387592516       0.9925471334718168
     656.2124082721815057       0.9653372652828693
     656.2126084056037598       0.9610098525881767
     656.2128085390260139       0.9800103101879358
     656.2130086724483817       0.9584176503121853
     656.2132088058706358       1.0314194969832897
     656.2134089392928900       0.9291408732533455
     656.2136090727151441       1.0564459078013897
     656.2138092061375119       0.9852353343740106
     656.2140093395597660       1.0257187932729721
     656.2142094729820201       0.9954923461191356
     656.2144096064042742       0.9889342188835144
     656.2146097398266420       0.9738385919481516
     656.2148098732488961       1.0402638539671898
     656.2150100066711502       1.0410142131149769
     656.2152101400934043       0.9647286199033260
     656.2154102735157721       1.0673232302069664
     656.2156104069380262       0.9162770509719849
     656.2158105403602804       0.9955685255117714
     656.2160106737825345       0.9505520723760128
     656.2162108072049023       1.1057682186365128
     656.2164109406271564       1.0356795080006123
     656.2166110740494105       0.9924200703389943
     656.2168112074716646       0.9721523914486170
     656.2170113408939187       0.9553297720849514
     656.2172114743162865       1.0367942228913307
     656.2174116077385406       0.9330532252788544
     656.2176117411607947       1.0275570098310709
     656.2178118745830488       0.9643706865608692
     656.2180120080054166       0.9998211597703630
     656.2182121414276708       0.9862465308979154
     656.2184122748499249       1.0425621904432774
     656.2186124082721790       1.0290174577385187
     656.2188125416945468       0.9613284394145012
     656.2190126751168009       1.0011734095169231
     656.2192128085390550       1.0010807613143697
     656.2194129419613091       0.9522572569549084
     656.2196130753836769       0.9781879298388958
     656.2198132088059310       1.0672884956002235
     656.2200133422281851       1.0224473159760237
     656.2202134756504392       1.0458528809249401
     656.2204136090728070       1.0364676937460899
     656.2206137424950612       0.9762330111116171
     656.2208138759173153       1.0327831916511059
     656.2210140093395694       0.9942641519010067
     656.2212141427619372       0.9936307212337852
     656.2214142761841913       1.0544518306851387
     656.2216144096064454       1.0305441375821829
     656.2218145430286995       1.0053069130517542
     656.2220146764509536       1.0123717170208693
     656.2222148098733214       1.0956893414258957
     656.2224149432955755       1.0293466281145811
     656.2226150767178297       1.0527409799396992
     656.2228152101400838       0.9715909715741873
     656.2230153435624516       1.0365843586623669
     656.2232154769847057       0.9499515108764172
     656.2234156104069598       1.0581550374627113
     656.2236157438292139       1.0506070628762245
     656.2238158772515817       0.9174792692065239
     656.2240160106738358       0.9395884871482849
     656.2242161440960899       0.9544984810054302
     656.2244162775183440       0.9592441655695438
     656.2246164109407118       1.1102188229560852
     656.2248165443629659       1.0117286099120975
     656.2250166777852201       0.9649318717420101
     656.2252168112074742       1.0308393128216267
     656.2254169446298420       1.0301528070122004
     656.2256170780520961       1.0100006703287363
     656.2258172114743502       0.9338430017232895
     656.2260173448966043       0.9912364566698670
     656.2262174783189721       1.0196980033069849
     656.2264176117412262       0.9656618349254131
     656.2266177451634803       0.9781899843364954
     656.2268178785857344       1.0037106319796294
     656.2270180120081022       0.9836331605911255
     656.2272181454303563       1.0772327408194542
     656.2274182788526105       1.0080602932721376
     656.2276184122748646       0.9970204941928387
     656.2278185456971187       1.0054073561914265
     656.2280186791194865       1.0418328866362572
     656.2282188125417406       1.0286655183881521
     656.2284189459639947       1.0103398216888309
     656.2286190793862488       0.9242850244045258
     656.2288192128086166       1.0416332595050335
     656.2290193462308707       1.0060796234756708
     656.2292194796531248       1.0218812245875597
     656.2294196130753789       1.0929984971880913
     656.2296197464977467       0.9863181216642261
     656.2298198799200009       1.0701906457543373
     656.2300200133422550       1.0626368299126625
     656.2302201467645091       1.0262877680361271
     656.2304202801868769       1.0526816807687283
     656.2306204136091310       0.9828038532286882
     656.2308205470313851       1.0408886782824993
     656.2310206804536392       1.0566582381725311
     656.2312208138760070       1.0009947365615517
     656.2314209472982611       1.0202262829989195
     656.2316210807205152       0.9942965125665069
     656.2318212141427693       1.0710651874542236
     656.2320213475651371       1.0242484640330076
     656.2322214809873913       0.9865063829347491
     656.2324216144096454       1.0370069555938244
     656.2326217478318995       1.0006833536899649
     656.2328218812541536       0.8885468617081642
     656.2330220146765214       0.9761922601610422
     656.2332221480987755       0.8887038677930832
     656.2334222815210296       0.9389391839504242
     656.2336224149432837       0.9688645116984844
     656.2338225483656515       0.9818865079432726
     656.2340226817879056       1.0303003620356321
     656.2342228152101598       0.9425678774714470
     656.2344229486324139       1.0593830905854702
     656.2346230820547817       0.9626332260668278
     656.2348232154770358       1.0490919165313244
     656.2350233488992899       0.9899889612570405
     656.2352234823215440       0.9334986582398415
     656.2354236157439118       0.9996010620670859
     656.2356237491661659       0.9899900807067752
     656.2358238825884200       1.0247021373361349
     656.2360240160106741       1.0128557085990906
     656.2362241494330419       1.0216076113283634
     656.2364242828552960       1.0025970013812184
     656.2366244162775502       0.9638150334358215
     656.2368245496998043       0.9978265319950879
     656.2370246831221721       1.0056871385313570
     656.2372248165444262       0.9461555108428001
     656.2374249499666803       0.9521561674773693
     656.2376250833889344       0.9704109095036983
     656.2378252168113022       0.9822755474597216
     656.2380253502335563       0.9459697417914867
     656.2382254836558104       0.9944184962660074
     656.2384256170780645       1.0502774380147457
     656.2386257505003186       0.9465559907257557
     656.2388258839226864       1.0948882922530174
     656.2390260173449406       1.0121636055409908
     656.2392261507671947       0.9485430754721165
     656.2394262841894488       0.9568011909723282
     656.2396264176118166       0.9842078406363726
     656.2398265510340707       1.1144627928733826
     656.2400266844563248       1.0107936188578606
     656.2402268178785789       1.0979987680912018
     656.2404269513009467       1.0053792218677700
     656.2406270847232008       1.0086483759805560
     656.2408272181454549       1.0242720376700163
     656.2410273515677090       0.9083496332168579
     656.2412274849900768       0.9459738433361053
     656.2414276184123310       0.9891036190092564
     656.2416277518345851       0.9456293620169163
     656.2418278852568392       1.0000220896963583
     656.2420280186792070       0.9979881898034364
     656.2422281521014611       0.9794992990791798
     656.2424282855237152       0.9739675428718328
     656.2426284189459693       1.0132238296791911
     656.2428285523683371       1.0038956571370363
     656.2430286857905912       1.0386792905628681
     656.2432288192128453       1.0074504720978439
     656.2434289526350994       0.9965852983295918
     656.2436290860574672       0.8949592784047127
     656.2438292194797214       0.9254336059093475
     656.2440293529019755       0.9929631627164781
     656.2442294863242296       0.9032224640250206
     656.2444296197464837       1.0011995366076007
     656.2446297531688515       1.0225475672632456
     656.2448298865911056       0.9949513399042189
     656.2450300200133597       0.9783308841288090
     656.2452301534356138       0.9913916187360883
     656.2454302868579816       1.0389951542019844
     656.2456304202802357       1.0083982963114977
     656.2458305537024899       1.0445480830967426
     656.2460306871247440       0.9787518475204706
     656.2462308205471118       0.9681163504719734
     656.2464309539693659       1.1111572980880737
     656.2466310873916200       0.9590598829090595
     656.2468312208138741       1.0170798357576132
     656.2470313542362419       1.1000218391418457
     656.2472314876584960       1.0008544246666133
     656.2474316210807501       0.9536651745438576
     656.2476317545030042       0.9653699398040771
     656.2478318879253720       0.9708014149218798
     656.2480320213476261       0.9595088064670563
     656.2482321547698803       0.9090510681271553
     656.2484322881921344       1.0094948755577207
     656.2486324216145022       0.9652629084885120
     656.2488325550367563       1.0039855474606156
     656.2490326884590104       1.0155270891264081
     656.2492328218812645       1.0864058658480644
     656.2494329553035186       1.1329097151756287
     656.2496330887258864       0.9601066634058952
     656.2498332221481405       1.0213218256831169
     656.2500333555703946       1.0621405839920044
     656.2502334889926487       0.9592434279620647
     656.2504336224150165       1.0029597568791360
     656.2506337558372707       1.0369398221373558
     656.2508338892595248       0.9925359920598567
     656.2510340226817789       1.0975688397884369
     656.2512341561041467       0.9405493140220642
     656.2514342895264008       0.9968637793790549
     656.2516344229486549       0.9972757101058960
     656.2518345563709090       0.9692700169980526
     656.2520346897932768       0.9943131622858346
     656.2522348232155309       0.9830818492919207
     656.2524349566377850       1.0595307648181915
     656.2526350900600391       1.0313293002545834
     656.2528352234824069       1.0116001348942518
     656.2530353569046611       0.9229233637452126
     656.2532354903269152       1.0141047090291977
     656.2534356237491693       0.9574939459562302
     656.2536357571715371       0.9799716901034117
     656.2538358905937912       0.9611288793385029
     656.2540360240160453       0.9609145671129227
     656.2542361574382994       1.1232129707932472
     656.2544362908606672       0.9924815339036286
     656.2546364242829213       0.9987713100854307
     656.2548365577051754       1.0347639098763466
     656.2550366911274295       1.0278162062168121
     656.2552368245496837       0.9748206101357937
     656.2554369579720515       1.0077647664584219
     656.2556370913943056       1.0194605775177479
     656.2558372248165597       1.0441549234092236
     656.2560373582388138       0.9458902589976788
     656.2562374916611816       1.0602612271904945
     656.2564376250834357       0.9154734984040260
     656.2566377585056898       1.0598452873528004
     656.2568378919279439       1.0074211061000824
     656.2570380253503117       0.9262168407440186
     656.2572381587725658       1.0033262395299971
     656.2574382921948200       0.9939694469794631
     656.2576384256170741       1.0657761618494987
     656.2578385590394419       1.0160329770296812
     656.2580386924616960       0.9025233015418053
     656.2582388258839501       1.0044163945131004
     656.2584389593062042       1.0103177959099412
     656.2586390927285720       1.0485694706439972
     656.2588392261508261       0.9792733881622553
     656.2590393595730802       1.0852753072977066
     656.2592394929953343       1.0133705353364348
     656.2594396264177021       1.0819154903292656
     656.2596397598399562       0.9974142548162490
     656.2598398932622104       1.0432545058429241
     656.2600400266844645       0.9753983020782471
     656.2602401601067186       1.0108523583039641
     656.2604402935290864       1.0556196644902229
     656.2606404269513405       1.0429428294301033
     656.2608405603735946       1.0978236645460129
     656.2610406937958487       0.9687034115195274
     656.2612408272182165       0.9380387850105762
     656.2614409606404706       1.0710322260856628
     656.2616410940627247       0.9572114534676075
     656.2618412274849788       1.0208392031490803
     656.2620413609073466       1.0289267990738153
     656.2622414943296008       1.0335045792162418
     656.2624416277518549       1.0063704685308039
     656.2626417611741090       1.0181233640760183
     656.2628418945964768       0.9913956047967076
     656.2630420280187309       0.9929118566215038
     656.2632421614409850       1.0705592632293701
     656.2634422948632391       1.0556975565850735
     656.2636424282856069       0.9782403893768787
     656.2638425617078610       0.9810564126819372
     656.2640426951301151       0.9249010235071182
     656.2642428285523692       1.0892341434955597
     656.2644429619747370       1.0478789769113064
     656.2646430953969912       1.0024840121623129
     656.2648432288192453       0.9479566253721714
     656.2650433622414994       0.9486734792590141
     656.2652434956638672       1.0475555174052715
     656.2654436290861213       1.0208883304148912
     656.2656437625083754       0.9382887668907642
     656.2658438959306295       0.9668180011212826
     656.2660440293528836       1.0247201267629862
     656.2662441627752514       0.9298016801476479
     656.2664442961975055       0.9450699575245380
     656.2666444296197596       0.9305159300565720
     656.2668445630420138       1.0106642059981823
     656.2670446964643816       1.0206752307713032
     656.2672448298866357       1.0847698897123337
     656.2674449633088898       1.0237067639827728
     656.2676450967311439       1.0043905540369451
     656.2678452301535117       0.9886957667768002
     656.2680453635757658       1.0391902737319469
     656.2682454969980199       1.0570128932595253
     656.2684456304202740       0.9335424080491066
     656.2686457638426418       0.9291174039244652
     656.2688458972648959       0.9564949013292789
     656.2690460306871501       0.9818297903984785
     656.2692461641094042       0.9917911197990179
     656.2694462975317720       1.0614251457154751
     656.2696464309540261       1.0222985055297613
     656.2698465643762802       1.0149556314572692
     656.2700466977985343       1.0784232616424561
     656.2702468312209021       0.9255734458565712
     656.2704469646431562       1.0453564748167992
     656.2706470980654103       0.9903839798644185
     656.2708472314876644       0.9820933975279331
     656.2710473649099185       1.0212689563632011
     656.2712474983322863       0.9495687223970890
     656.2714476317545405       1.0288745202124119
     656.2716477651767946       1.0175992101430893
     656.2718478985990487       0.9899496808648109
     656.2720480320214165       1.0737140923738480
     656.2722481654436706       1.0335277728736401
     656.2724482988659247       1.0278056059032679
     656.2726484322881788       0.9945993516594172
     656.2728485657105466       1.0213834494352341
     656.2730486991328007       1.0347949340939522
     656.2732488325550548       0.9300044327974319
     656.2734489659773089       1.0480042658746243
     656.2736490993996767       1.1150605306029320
     656.2738492328219309       1.0592423267662525
     656.2740493662441850       1.0170176513493061
     656.2742494996664391       1.0038481324445456
     656.2744496330888069       1.0460984930396080
     656.2746497665110610       0.9575550295412540
     656.2748498999333151       0.9919896842911839
     656.2750500333555692       1.0736422389745712
     656.2752501667779370       0.9710375759750605
     656.2754503002001911       0.8700258135795593
     656.2756504336224452       0.9456703066825867
     656.2758505670446993       1.1046487316489220
     656.2760507004670671       0.9569579362869263
     656.2762508338893213       1.0454926975071430
     656.2764509673115754       0.9447110034525394
     656.2766511007338295       0.9713566806167364
     656.2768512341560836       1.0574691854417324
     656.2770513675784514       1.0630321651697159
     656.2772515010007055       1.0020370518323034
     656.2774516344229596       0.9959030477330089
     656.2776517678452137       0.9372505173087120
     656.2778519012675815       0.9254758358001709
     656.2780520346898356       1.0084372591227293
     656.2782521681120897       0.9216595962643623
     656.2784523015343439       1.0255394577980042
     656.2786524349567117       0.9503963924944401
     656.2788525683789658       0.9729475583881140
     656.2790527018012199       0.9547682665288448
     656.2792528352234740       0.9489825181663036
     656.2794529686458418       1.0205336567014456
     656.2796531020680959       1.0756206884980202
     656.2798532354903500       1.0703438445925713
     656.2800533689126041       1.0329435877501965
     656.2802535023349719       1.0127568691968918
     656.2804536357572260       0.9660789445042610
     656.2806537691794802       0.9406000711023808
     656.2808539026017343       0.9623354747891426
     656.2810540360241021       1.0218461677432060
     656.2812541694463562       1.0871296674013138
     656.2814543028686103       1.1102101579308510
     656.2816544362908644       0.9549923092126846
     656.2818545697131185       0.9854401629418135
     656.2820547031354863       1.0430484749376774
     656.2822548365577404       1.0222572777420282
     656.2824549699799945       0.9315258339047432
     656.2826551034022486       0.9762350711971521
     656.2828552368246164       0.9929096093401313
     656.2830553702468706       0.9236954823136330
     656.2832555036691247       1.0442178212106228
     656.2834556370913788       1.0013528031995520
     656.2836557705137466       1.0863483473658562
     656.2838559039360007       0.9348224401473999
     656.2840560373582548       1.0023235443513840
     656.2842561707805089       1.0652526244521141
     656.2844563042028767       0.9813335109502077
     656.2846564376251308       0.9673964753746986
     656.2848565710473849       1.0865845903754234
     656.2850567044696390       1.0345277488231659
     656.2852568378920068       1.0623865090310574
     656.2854569713142610       1.0768948718905449
     656.2856571047365151       1.0537282638251781
     656.2858572381587692       1.0220763199031353
     656.2860573715811370       0.9865346802398562
     656.2862575050033911       0.9587188027799129
     656.2864576384256452       0.9553641304373741
     656.2866577718478993       0.9864081023260951
     656.2868579052702671       0.9994511881959625
     656.2870580386925212       1.0447877719998360
     656.2872581721147753       1.0042043752036989
     656.2874583055370294       0.9678235612809658
     656.2876584389592836       0.9891573302447796
     656.2878585723816514       1.0352684929966927
     656.2880587058039055       1.0399619415402412
     656.2882588392261596       1.0098029039800167
     656.2884589726484137       0.9868791084736586
     656.2886591060707815       0.9892684407532215
     656.2888592394930356       1.0026426780968904
     656.2890593729152897       1.0777308270335197
     656.2892595063375438       0.8959868922829628
     656.2894596397599116       0.9870727611705661
     656.2896597731821657       0.9707024041563272
     656.2898599066044198       0.9533838368952274
     656.2900600400266740       0.9034886583685875
     656.2902601734490418       0.9788203518837690
     656.2904603068712959       1.0162752550095320
     656.2906604402935500       1.0052256188355386
     656.2908605737158041       0.9889969471842051
     656.2910607071381719       1.0268303062766790
     656.2912608405604260       1.0161135848611593
     656.2914609739826801       1.0204977300018072
     656.2916611074049342       0.9666986986994743
     656.2918612408273020       1.0123173166066408
     656.2920613742495561       1.0051227482035756
     656.2922615076718103       1.0582546181976795
     656.2924616410940644       1.0013464742805809
     656.2926617745164322       1.0637714490294456
     656.2928619079386863       1.0375989899039268
     656.2930620413609404       1.0212563406676054
     656.2932621747831945       1.0339632444083691
     656.2934623082054486       1.0472691766917706
     656.2936624416278164       1.0487206839025021
     656.2938625750500705       1.0629514530301094
     656.2940627084723246       1.0242389068007469
     656.2942628418945787       1.0075058899819851
     656.2944629753169465       0.9550963938236237
     656.2946631087392007       0.9718552380800247
     656.2948632421614548       0.9622211083769798
     656.2950633755837089       1.0524033866822720
     656.2952635090060767       1.0848893821239471
     656.2954636424283308       0.9710659496486187
     656.2956637758505849       0.9269384220242500
     656.2958639092728390       1.0189786534756422
     656.2960640426952068       1.0214632432907820
     656.2962641761174609       1.0219740141183138
     656.2964643095397150       0.9540614821016788
     656.2966644429619691       0.9142058938741684
     656.2968645763843369       1.1108830794692039
     656.2970647098065911       1.0298685859888792
     656.2972648432288452       1.0262619052082300
     656.2974649766510993       0.9608215615153313
     656.2976651100734671       0.9110677614808083
     656.2978652434957212       0.9711060840636492
     656.2980653769179753       1.0505911596119404
     656.2982655103402294       0.9687617626041174
     656.2984656437624835       1.0010380239691585
     656.2986657771848513       1.0359032601118088
     656.2988659106071054       0.9790296610444784
     656.2990660440293595       0.9948645853437483
     656.2992661774516137       1.0822917297482491
     656.2994663108739815       1.0007351066451520
     656.2996664442962356       1.0109038660302758
     656.2998665777184897       0.9798569139093161
     656.3000667111407438       0.9805604666471481
     656.3002668445631116       0.9951717560179532
     656.3004669779853657       0.9549244605004787
     656.3006671114076198       0.9376464411616325
     656.3008672448298739       0.9809148423373699
     656.3010673782522417       0.9785270858556032
     656.3012675116744958       0.9665101990103722
     656.3014676450967499       1.0174345709383488
     656.3016677785190041       0.9426560141146183
     656.3018679119413719       0.9166112393140793
     656.3020680453636260       1.0422939956188202
     656.3022681787858801       1.0075200959108770
     656.3024683122081342       1.1508057713508606
     656.3026684456305020       0.9654156453907490
     656.3028685790527561       0.9467468969523907
     656.3030687124750102       1.0280959289520979
     656.3032688458972643       1.0023057097569108
     656.3034689793196321       1.0295534264296293
     656.3036691127418862       0.9666670896112919
     656.3038692461641403       1.0191487409174442
     656.3040693795863945       1.0841172114014626
     656.3042695130086486       1.1380629539489746
     656.3044696464310164       0.9873008513823152
     656.3046697798532705       1.0595460943877697
     656.3048699132755246       1.0292689893394709
     656.3050700466977787       0.9836144894361496
     656.3052701801201465       1.0377540476620197
     656.3054703135424006       0.9737594574689865
     656.3056704469646547       1.0339197888970375
     656.3058705803869088       0.9485604278743267
     656.3060707138092766       1.0538420863449574
     656.3062708472315308       1.0074190641753376
     656.3064709806537849       0.9506692476570606
     656.3066711140760390       1.0373849980533123
     656.3068712474984068       0.9613976068794727
     656.3070713809206609       0.9712249990552664
     656.3072715143429150       1.0685730800032616
     656.3074716477651691       1.0051459083333611
     656.3076717811875369       0.9836293067783117
     656.3078719146097910       0.8911711201071739
     656.3080720480320451       1.0033967231865972
     656.3082721814542992       1.0441230833530426
     656.3084723148766670       0.9698275085538626
     656.3086724482989212       1.0233556684106588
     656.3088725817211753       0.9722336139529943
     656.3090727151434294       0.9793946575373411
     656.3092728485656835       0.9576930366456509
     656.3094729819880513       1.0094532025977969
     656.3096731154103054       1.0266258846968412
     656.3098732488325595       0.9161937609314919
     656.3100733822548136       0.9291813224554062
     656.3102735156771814       1.0599864423274994
     656.3104736490994355       0.9266479611396790
     656.3106737825216896       1.1442510485649109
     656.3108739159439438       0.9459394402801991
     656.3110740493663116       1.1023224592208862
     656.3112741827885657       0.9530389867722988
     656.3114743162108198       0.9719617664813995
     656.3116744496330739       1.0330437682569027
     656.3118745830554417       1.0078266877681017
     656.3120747164776958       0.9583942629396915
     656.3122748498999499       0.9796419851481915
     656.3124749833222040       1.0683178827166557
     656.3126751167445718       0.9989903881214559
     656.3128752501668259       0.8919071778655052
     656.3130753835890800       0.9027877300977707
     656.3132755170113342       0.8794224634766579
     656.3134756504337020       0.9965023112017661
     656.3136757838559561       1.1024333611130714
     656.3138759172782102       0.9965166877955198
     656.3140760507004643       1.0647124201059341
     656.3142761841228321       1.0165830701589584
     656.3144763175450862       1.0736455172300339
     656.3146764509673403       1.0235554836690426
     656.3148765843895944       1.0030110422521830
     656.3150767178118485       0.9696124140173197
     656.3152768512342163       1.0635700449347496
     656.3154769846564704       0.9656225182116032
     656.3156771180787246       0.9570007361471653
     656.3158772515009787       0.9884763108566403
     656.3160773849233465       0.9818523116409779
     656.3162775183456006       0.9772730972617865
     656.3164776517678547       1.0045648557133973
     656.3166777851901088       0.9581885598599911
     656.3168779186124766       1.0238365121185780
     656.3170780520347307       0.9655398726463318
     656.3172781854569848       0.9799150545150042
     656.3174783188792389       0.9730151500552893
     656.3176784523016067       1.0380162857472897
     656.3178785857238609       0.9821204636245966
     656.3180787191461150       1.0401527285575867
     656.3182788525683691       0.9704502429813147
     656.3184789859907369       0.9451491273939610
     656.3186791194129910       0.9081928804516792
     656.3188792528352451       0.9505786933004856
     656.3190793862574992       1.0946184620261192
     656.3192795196798670       0.9919434608891606
     656.3194796531021211       1.0097991861402988
     656.3196797865243752       1.0560958497226238
     656.3198799199466293       0.9957233173772693
     656.3200800533688835       0.9916105000302196
     656.3202801867912513       0.9269270822405815
     656.3204803202135054       1.1038821265101433
     656.3206804536357595       1.0049774255603552
     656.3208805870580136       0.9794808868318796
     656.3210807204803814       0.9924062401987612
     656.3212808539026355       1.0131141236051917
     656.3214809873248896       0.9781123343855143
     656.3216811207471437       0.9544732533395290
     656.3218812541695115       1.0291623678058386
     656.3220813875917656       1.0384632684290409
     656.3222815210140197       1.0078698070719838
     656.3224816544362739       1.0293469075113535
     656.3226817878586417       1.0504835024476051
     656.3228819212808958       0.9366830214858055
     656.3230820547031499       1.0002754062588792
     656.3232821881254040       0.9814030416309834
     656.3234823215477718       0.9836149178445339
     656.3236824549700259       0.9922155193053186
     656.3238825883922800       0.9755928460508585
     656.3240827218145341       1.0515703931450844
     656.3242828552369019       0.9375301338732243
     656.3244829886591560       1.0371130332350731
     656.3246831220814101       0.9449202641844749
     656.3248832555036643       1.0273887161165476
     656.3250833889260321       1.0332779623568058
     656.3252835223482862       0.9201144129037857
     656.3254836557705403       1.0028246350120753
     656.3256837891927944       0.9055899977684021
     656.3258839226150485       0.9867263315245509
     656.3260840560374163       1.1027743592858315
     656.3262841894596704       0.9049603268504143
     656.3264843228819245       0.9650737941265106
     656.3266844563041786       1.0097465142607689
     656.3268845897265464       1.1196211352944374
     656.3270847231488005       1.1015721485018730
     656.3272848565710547       1.0223468970507383
     656.3274849899933088       0.9031408503651619
     656.3276851234156766       1.0304877553135157
     656.3278852568379307       0.9525015130639076
     656.3280853902601848       0.9908863473683596
     656.3282855236824389       0.9101654663681984
     656.3284856571048067       0.9994715203647502
     656.3286857905270608       0.9978045946918428
     656.3288859239493149       1.0258899629116058
     656.3290860573715690       1.0115682082250714
     656.3292861907939368       1.0397555828094482
     656.3294863242161910       1.1199951320886612
     656.3296864576384451       0.9790585190057755
     656.3298865910606992       0.9984772306634113
     656.3300867244830670       1.0015213246224448
     656.3302868579053211       0.9602677375078201
     656.3304869913275752       1.0392439179122448
     656.3306871247498293       1.0435528121888638
     656.3308872581721971       1.0660912841558456
     656.3310873915944512       0.8851434364914894
     656.3312875250167053       0.9847595468163490
     656.3314876584389594       0.9518670774996281
     656.3316877918612136       0.9917075457051396
     656.3318879252835814       0.9819967988878489
     656.3320880587058355       1.0067209624685347
     656.3322881921280896       0.9370048493146896
     656.3324883255503437       0.9914049170911312
     656.3326884589727115       1.0443429313600063
     656.3328885923949656       1.0149678876623511
     656.3330887258172197       0.9952049022540450
     656.3332888592394738       0.9634779728949070
     656.3334889926618416       1.0592430718243122
     656.3336891260840957       0.9850630955770612
     656.3338892595063498       0.9309842288494110
     656.3340893929286040       1.0207252055406570
     656.3342895263509718       1.0557025261223316
     656.3344896597732259       1.0263084210455418
     656.3346897931954800       0.9783886279910803
     656.3348899266177341       1.0199557002633810
     656.3350900600401019       1.0837293490767479
     656.3352901934623560       1.0531627796590328
     656.3354903268846101       1.0116870338097215
     656.3356904603068642       0.9287641942501068
     656.3358905937292320       1.0359985157847404
     656.3360907271514861       0.9408552944660187
     656.3362908605737402       0.9861948117613792
     656.3364909939959944       1.0477904751896858
     656.3366911274182485       0.9976170891895890
     656.3368912608406163       0.9998374124552356
     656.3370913942628704       0.9983350998954847
     656.3372915276851245       1.0628293082118034
     656.3374916611073786       1.0834524258971214
     656.3376917945297464       1.0144945057108998
     656.3378919279520005       0.9117631167173386
     656.3380920613742546       1.0716469064354897
     656.3382921947965087       0.9866520892828703
     656.3384923282188765       1.0319550447165966
     656.3386924616411306       1.1083382293581963
     656.3388925950633848       0.9793449472635984
     656.3390927284856389       1.1011858358979225
     656.3392928619080067       1.0277829077094793
     656.3394929953302608       1.0423451475799084
     656.3396931287525149       1.0057782940566540
     656.3398932621747690       0.9771834127604961
     656.3400933955971368       0.9899924853816628
     656.3402935290193909       0.9134981855750084
     656.3404936624416450       0.9534148089587688
     656.3406937958638991       0.9725308734923601
     656.3408939292862669       1.0502548292279243
     656.3410940627085211       0.9858557181432843
     656.3412941961307752       0.9428309388458729
     656.3414943295530293       1.0747722759842873
     656.3416944629753971       0.9900722652673721
     656.3418945963976512       0.9104977399110794
     656.3420947298199053       0.9650213569402695
     656.3422948632421594       1.0281900409609079
     656.3424949966644135       1.0096865268424153
     656.3426951300867813       1.0039433836936951
     656.3428952635090354       1.0438703261315823
     656.3430953969312895       0.8958952799439430
     656.3432955303535437       0.9864039504900575
     656.3434956637759115       0.9520134069025517
     656.3436957971981656       1.0075391703285277
     656.3438959306204197       0.9544537439942360
     656.3440960640426738       1.0009066736674868
     656.3442961974650416       1.0473918020725250
     656.3444963308872957       1.0571675077080727
     656.3446964643095498       0.9700489658862352
     656.3448965977318039       0.9235737845301628
     656.3450967311541717       0.8933828920125961
     656.3452968645764258       0.9987117999698967
     656.3454969979986799       0.9385185055434704
     656.3456971314209341       0.9575770832598209
     656.3458972648433019       1.0277203954756260
     656.3460973982655560       1.0235617551952600
     656.3462975316878101       1.0425787419080734
     656.3464976651100642       1.0978983417153358
     656.3466977985324320       1.0150751573964953
     656.3468979319546861       0.9789250250905752
     656.3470980653769402       0.9367355480790138
     656.3472981987991943       1.0706594735383987
     656.3474983322214484       0.9832222945988178
     656.3476984656438162       1.0256992932409048
     656.3478985990660703       1.0795832276344299
     656.3480987324883245       0.9294644668698311
     656.3482988659105786       1.0043026884086430
     656.3484989993329464       0.9395785927772522
     656.3486991327552005       0.9735125415027142
     656.3488992661774546       0.9894428839907050
     656.3490993995997087       0.8853372707962990
     656.3492995330220765       1.0103629110381007
     656.3494996664443306       0.9915540087968111
     656.3496997998665847       0.9878206523135304
     656.3498999332888388       1.0123296845704317
     656.3501000667112066       0.9745840784162283
     656.3503002001334607       1.0013260529376566
     656.3505003335557149       0.9771262388676405
     656.3507004669779690       1.0151954814791679
     656.3509006004003368       0.9706302601844072
     656.3511007338225909       0.9735938068479300
     656.3513008672448450       1.0239087156951427
     656.3515010006670991       1.0377140454947948
     656.3517011340894669       1.0148079637438059
     656.3519012675117210       1.0108533278107643
     656.3521014009339751       0.9968444867990911
     656.3523015343562292       1.0484378673136234
     656.3525016677785970       1.0411429665982723
     656.3527018012008512       0.9271130040287971
     656.3529019346231053       1.0533277653157711
     656.3531020680453594       1.1008469462394714
     656.3533022014676135       0.9702769834548235
     656.3535023348899813       1.0485716313123703
     656.3537024683122354       0.9743447061628103
     656.3539026017344895       0.9448658339679241
     656.3541027351567436       0.9918661490082741
     656.3543028685791114       0.9929178771562874
     656.3545030020013655       0.9561448022723198
     656.3547031354236196       1.0137097155675292
     656.3549032688458738       0.9618659801781178
     656.3551034022682416       1.0355396494269371
     656.3553035356904957       0.9961659528780729
     656.3555036691127498       1.0191945899277925
     656.3557038025350039       0.9190705493092537
     656.3559039359573717       1.0472445115447044
     656.3561040693796258       1.0855117961764336
     656.3563042028018799       1.0053527830168605
     656.3565043362241340       0.9068184047937393
     656.3567044696465018       1.0713785290718079
     656.3569046030687559       1.0353867635130882
     656.3571047364910100       0.9827904701232910
     656.3573048699132642       0.9831966143101454
     656.3575050033356320       1.0458618290722370
     656.3577051367578861       0.9989452412119135
     656.3579052701801402       1.0164840463548899
     656.3581054036023943       1.1048351302742958
     656.3583055370246484       1.0219132900238037
     656.3585056704470162       1.0503096170723438
     656.3587058038692703       0.9846282508224249
     656.3589059372915244       0.9733189791440964
     656.3591060707137785       1.0234170220792294
     656.3593062041361463       0.9271431639790535
     656.3595063375584004       0.9834502674639225
     656.3597064709806546       0.9730566591024399
     656.3599066044029087       0.9959680722095072
     656.3601067378252765       0.9464800991117954
     656.3603068712475306       1.0417706482112408
     656.3605070046697847       1.0010918563930318
     656.3607071380920388       1.0199660379439592
     656.3609072715144066       1.0168023873120546
     656.3611074049366607       0.9850248452275989
     656.3613075383589148       1.0425868853926656
     656.3615076717811689       1.0438083223998542
     656.3617078052035367       1.0178619530051942
     656.3619079386257908       1.0313873998820773
     656.3621080720480450       1.0799664184451090
     656.3623082054702991       1.0762289762496928
     656.3625083388926669       1.0419579446315737
     656.3627084723149210       0.9541504718363242
     656.3629086057371751       0.9738548398017819
     656.3631087391594292       0.9508347399532699
     656.3633088725817970       0.9917735513299563
     656.3635090060040511       0.9637834876775534
     656.3637091394263052       1.0289884861558369
     656.3639092728485593       1.0582168288528471
     656.3641094062708135       0.9620761908590139
     656.3643095396931813       0.9311754852532385
     656.3645096731154354       0.9205116555093327
     656.3647098065376895       0.9412177503106957
     656.3649099399599436       1.0355143211779052
     656.3651100733823114       1.0844838544722140
     656.3653102068045655       1.0546826496714217
     656.3655103402268196       1.0697878897181325
     656.3657104736490737       1.0301388092326462
     656.3659106070714415       0.9693553242814431
     656.3661107404936956       1.0346873439822750
     656.3663108739159497       1.0277966894172839
     656.3665110073382039       0.9648831486650074
     656.3667111407605717       0.9368856921718534
     656.3669112741828258       1.0080241728470201
     656.3671114076050799       0.9685541428479246
     656.3673115410273340       0.9682095460387986
     656.3675116744497018       0.9430185742387796
     656.3677118078719559       1.0395453646375579
     656.3679119412942100       0.9346112980875680
     656.3681120747164641       0.8763778879455038
     656.3683122081388319       0.9901145518601020
     656.3685123415610860       1.0028315788025659
     656.3687124749833401       0.9884694970926191
     656.3689126084055943       1.0840924751871905
     656.3691127418278484       1.0537050362461282
     656.3693128752502162       1.0738319227657589
     656.3695130086724703       0.9815841589185538
     656.3697131420947244       0.9814825886095245
     656.3699132755169785       0.9661965840751712
     656.3701134089393463       0.9120439048867981
     656.3703135423616004       1.0336332780250972
     656.3705136757838545       1.0807865451509628
     656.3707138092061086       1.0411503231861574
     656.3709139426284764       1.0585977634258108
     656.3711140760507305       1.0816199175364980
     656.3713142094729847       0.8901558184440509
     656.3715143428952388       1.0806472824718449
     656.3717144763176066       0.9674067524775608
     656.3719146097398607       1.0743552707799584
     656.3721147431621148       0.9831038201491432
     656.3723148765843689       0.9927906102311728
     656.3725150100067367       1.0505672392389109
     656.3727151434289908       0.9840043014947054
     656.3729152768512449       0.9619052235675508
     656.3731154102734990       1.0036871668308762
     656.3733155436958668       1.0422246150888128
     656.3735156771181209       0.9652838096399494
     656.3737158105403751       0.9560916399365098
     656.3739159439626292       1.0226534098450855
     656.3741160773849970       1.0031479108851538
     656.3743162108072511       1.0434862136157528
     656.3745163442295052       1.0163259964207108
     656.3747164776517593       1.0310426813649842
     656.3749166110740134       1.0455606368488919
     656.3751167444963812       1.0177315739653672
     656.3753168779186353       1.0273009749042492
     656.3755170113408894       1.0340049454444706
     656.3757171447631436       0.9606918881598835
     656.3759172781855113       0.9423225365404011
     656.3761174116077655       0.8727491187270842
     656.3763175450300196       1.0538058788668700
     656.3765176784522737       0.9871862193114738
     656.3767178118746415       0.9359147223255301
     656.3769179452968956       0.8947872726947775
     656.3771180787191497       1.0247505244410653
     656.3773182121414038       1.0340451647447368
     656.3775183455637716       1.0362799632792077
     656.3777184789860257       0.9719920142803543
     656.3779186124082798       0.9559801087104318
     656.3781187458305340       0.9433534843628664
     656.3783188792529018       0.9856066958531362
     656.3785190126751559       0.9977923047131956
     656.3787191460974100       1.0589701786561978
     656.3789192795196641       1.0213787285052860
     656.3791194129420319       1.0061139611665646
     656.3793195463642860       1.1142893420092812
     656.3795196797865401       0.9865263396499010
     656.3797198132087942       1.0946750913004790
     656.3799199466311620       1.0365343237567162
     656.3801200800534161       0.9838597707840584
     656.3803202134756702       0.9428525794027055
     656.3805203468979244       1.0786307084164131
     656.3807204803201785       1.0131604851649092
     656.3809206137425463       1.0419947011995716
     656.3811207471648004       0.9686279082499001
     656.3813208805870545       0.9889713036338615
     656.3815210140093086       0.9113815259303253
     656.3817211474316764       0.9970023360103996
     656.3819212808539305       1.0736498220263608
     656.3821214142761846       1.0519747758236218
     656.3823215476984387       0.9459521908259421
     656.3825216811208065       0.9636791666342837
     656.3827218145430606       1.0095983636239680
     656.3829219479653148       0.9239554522339050
     656.3831220813875689       1.0068878302974769
     656.3833222148099367       0.9426880165257951
     656.3835223482321908       1.0062379483326078
     656.3837224816544449       1.0263856303918657
     656.3839226150766990       0.9703913422679159
     656.3841227484990668       0.9834930209689061
     656.3843228819213209       1.0958267588691366
     656.3845230153435750       0.9791945101363562
     656.3847231487658291       0.9503000424692276
     656.3849232821881969       0.9695921977448001
     656.3851234156104510       1.0110609985243495
     656.3853235490327052       0.9633332158278380
     656.3855236824549593       0.9846658132607888
     656.3857238158772134       0.9439800169246042
     656.3859239492995812       1.0116053807531773
     656.3861240827218353       0.9895305588278378
     656.3863242161440894       0.9826684919928220
     656.3865243495663435       0.9770526504589097
     656.3867244829887113       0.9861926401452100
     656.3869246164109654       0.9353969514240237
     656.3871247498332195       0.9517659363457937
     656.3873248832554737       0.9938551137216884
     656.3875250166778414       0.9188690210205217
     656.3877251501000956       0.9211631845684425
     656.3879252835223497       1.0176484480695671
     656.3881254169446038       0.9857875853222695
     656.3883255503669716       0.9764859995401725
     656.3885256837892257       0.8820454576139302
     656.3887258172114798       0.8582297211291404
     656.3889259506337339       1.0037189372126900
     656.3891260840561017       0.9070428033419219
     656.3893262174783558       0.9228435187186662
     656.3895263509006099       0.9529528703862775
     656.3897264843228641       0.9294203973046887
     656.3899266177452319       0.8216101447824686
     656.3901267511674860       0.8753563323687163
     656.3903268845897401       0.8726427723184090
     656.3905270180119942       0.8596967236619851
     656.3907271514343620       0.7988005189388525
     656.3909272848566161       0.8702041401083492
     656.3911274182788702       0.8326045551008150
     656.3913275517011243       0.8631100358862517
     656.3915276851233784       0.8677795850981029
     656.3917278185457462       0.7718231035452083
     656.3919279519680003       0.8282934240750168
     656.3921280853902545       0.8295450702107566
     656.3923282188125086       0.8151398595601160
     656.3925283522348764       0.7380869356959344
     656.3927284856571305       0.8130740783490449
     656.3929286190793846       0.8670460638681130
     656.3931287525016387       0.7433758817328913
     656.3933288859240065       0.7915456086892174
     656.3935290193462606       0.7900877514431230
     656.3937291527685147       0.7770146009898907
     656.3939292861907688       0.7855778337544752
     656.3941294196131366       0.7315491319391578
     656.3943295530353907       0.8434235632069673
     656.3945296864576449       0.7397301661658335
     656.3947298198798990       0.8546572125352923
     656.3949299533022668       0.7553420284996661
     656.3951300867245209       0.8602740321006087
     656.3953302201467750       0.6841743376782319
     656.3955303535690291       0.8354773095238566
     656.3957304869913969       0.7648268857187387
     656.3959306204136510       0.8308556437691219
     656.3961307538359051       0.8301857292793082
     656.3963308872581592       0.8747310939490806
     656.3965310206804133       0.8627719514809986
     656.3967311541027811       0.8313568200326820
     656.3969312875250353       0.8417153841754553
     656.3971314209472894       0.8241452598441588
     656.3973315543695435       0.9362415176172098
     656.3975316877919113       0.8357100620854407
     656.3977318212141654       0.8402024234709364
     656.3979319546364195       0.8393391263622756
     656.3981320880586736       0.9002257268719155
     656.3983322214810414       0.8145499227871186
     656.3985323549032955       0.8984562464497440
     656.3987324883255496       0.8770009718027210
     656.3989326217478038       0.9294055120699269
     656.3991327551701715       0.9151178043115080
     656.3993328885924257       0.9287357568047501
     656.3995330220146798       0.9500315700502227
     656.3997331554369339       0.9339678693951209
     656.3999332888593017       0.8902178787425199
     656.4001334222815558       0.9067472833164549
     656.4003335557038099       1.0096792757324935
     656.4005336891260640       0.9716371548966367
     656.4007338225484318       0.9777997302382201
     656.4009339559706859       0.9937115387958972
     656.4011340893929400       0.8636602286564157
     656.4013342228151942       0.9406102411726935
     656.4015343562375620       0.9080528975248006
     656.4017344896598161       0.9421159071227733
     656.4019346230820702       0.9499514362942157
     656.4021347565043243       0.8672301455196320
     656.4023348899265784       0.9782261450714776
     656.4025350233489462       0.9725907689891481
     656.4027351567712003       0.9979531893467806
     656.4029352901934544       1.0168363102466325
     656.4031354236157085       1.1463083467274755
     656.4033355570380763       0.8983988337644260
     656.4035356904603304       1.1049431782676835
     656.4037358238825846       0.9820514219966843
     656.4039359573048387       1.0241799797105338
     656.4041360907272065       0.9902020321099758
     656.4043362241494606       1.0936650052812231
     656.4045363575717147       0.9915843134404135
     656.4047364909939688       0.9736366086011234
     656.4049366244163366       0.9041690775512891
     656.4051367578385907       0.9514077797361610
     656.4053368912608448       1.0115602330591691
     656.4055370246830989       1.0505675734131605
     656.4057371581054667       0.9680191404776205
     656.4059372915277208       1.0219974702843446
     656.4061374249499750       1.0077789085479272
     656.4063375583722291       0.8995676621178577
     656.4065376917945969       0.9325422207060245
     656.4067378252168510       0.9445444082836135
     656.4069379586391051       1.0230473727319334
     656.4071380920613592       1.0202326892588980
     656.4073382254836133       1.0359141522204043
     656.4075383589059811       0.9360848937713550
     656.4077384923282352       1.0901409460588614
     656.4079386257504893       1.0263268720813754
     656.4081387591727434       0.9904478333377102
     656.4083388925951112       1.0440778781353934
     656.4085390260173654       0.9860115179274375
     656.4087391594396195       1.0124106302946614
     656.4089392928618736       0.9836690221987524
     656.4091394262842414       0.9771390656262362
     656.4093395597064955       0.9418273153895262
     656.4095396931287496       0.9583422762600512
     656.4097398265510037       1.0266627532992534
     656.4099399599733715       1.0874351149292576
     656.4101400933956256       1.0105595965393688
     656.4103402268178797       0.9468659520395751
     656.4105403602401339       1.0045733482184112
     656.4107404936625016       1.0411263141779772
     656.4109406270847558       1.0633901807158557
     656.4111407605070099       1.0150971060727825
     656.4113408939292640       0.9739577761357009
     656.4115410273516318       0.9908565884756886
     656.4117411607738859       0.9971364155404994
     656.4119412941961400       1.0235848916763239
     656.4121414276183941       0.9507750101973788
     656.4123415610407619       1.0257917072784655
     656.4125416944630160       1.0056845485778496
     656.4127418278852701       1.0980095921171387
     656.4129419613075243       0.9658265576085463
     656.4131420947297784       1.0485939500499164
     656.4133422281521462       0.9737200663124090
     656.4135423615744003       1.0194314073394515
     656.4137424949966544       0.9627569841295162
     656.4139426284189085       0.9887667439435978
     656.4141427618412763       1.0421992424106850
     656.4143428952635304       1.0265990563321445
     656.4145430286857845       0.9663422862955205
     656.4147431621080386       1.0198864266841534
     656.4149432955304064       0.9744755858875359
     656.4151434289526605       0.9310299988159059
     656.4153435623749147       1.0236197877867377
     656.4155436957971688       0.9604746347665618
     656.4157438292195366       0.9579820925187116
     656.4159439626417907       0.9444173334999006
     656.4161440960640448       1.0039208631182266
     656.4163442294862989       1.0407688486690903
     656.4165443629086667       1.0752003545212183
     656.4167444963309208       1.0206134803556728
     656.4169446297531749       1.0058104431111810
     656.4171447631754290       1.0051757696614880
     656.4173448965977968       1.1131245118829267
     656.4175450300200509       1.0137757461491659
     656.4177451634423051       0.9789390572081046
     656.4179452968645592       0.9672277692596684
     656.4181454302869270       1.0463064377474272
     656.4183455637091811       0.9356337825167735
     656.4185456971314352       1.0719314713143007
     656.4187458305536893       0.9134543444405764
     656.4189459639759434       0.9938144772147884
     656.4191460973983112       1.0038946323416360
     656.4193462308205653       1.0085771886463684
     656.4195463642428194       1.0582792753369294
     656.4197464976650735       0.9242059807884294
     656.4199466310874413       1.0267446578315658
     656.4201467645096955       0.9529779066977910
     656.4203468979319496       1.0067343575256045
     656.4205470313542037       1.0196163504192448
     656.4207471647765715       1.0150031362782195
     656.4209472981988256       0.9807427562191545
     656.4211474316210797       0.9486586339354740
     656.4213475650433338       1.0319108664691266
     656.4215476984657016       0.9637893140103294
     656.4217478318879557       0.9600533880142015
     656.4219479653102098       1.1084629073631627
     656.4221480987324640       1.1438767611904384
     656.4223482321548317       1.0896012484973603
     656.4225483655770859       0.9862645864448858
     656.4227484989993400       0.9160655215355989
     656.4229486324215941       1.0694510787706815
     656.4231487658439619       0.9615816064165914
     656.4233488992662160       1.0757220610967133
     656.4235490326884701       1.0133361658075091
     656.4237491661107242       0.9725792966778660
     656.4239492995329783       0.9863246455785576
     656.4241494329553461       0.9634865112600614
     656.4243495663776002       1.0418633483348834
     656.4245496997998544       1.0223616193978986
     656.4247498332221085       1.0116668073459780
     656.4249499666444763       0.9973879845346790
     656.4251501000667304       0.9475915543734711
     656.4253502334889845       0.9849341493099713
     656.4255503669112386       0.9941246374510082
     656.4257505003336064       1.0691180229186914
     656.4259506337558605       1.0113864913582735
     656.4261507671781146       0.9898642394691660
     656.4263509006003687       1.0027491536457060
     656.4265510340227365       1.0114817870780806
     656.4267511674449906       1.0103012351319181
     656.4269513008672448       1.0046174172312012
     656.4271514342894989       1.0099669992923732
     656.4273515677118667       1.0416299365460868
     656.4275517011341208       1.0362729988992212
     656.4277518345563749       1.0177655518054960
     656.4279519679786290       0.9753352832049130
     656.4281521014009968       1.0448274500668049
     656.4283522348232509       1.0397429391741753
     656.4285523682455050       0.9330723956227303
     656.4287525016677591       1.0010137341450900
     656.4289526350901269       1.0261157639324665
     656.4291527685123810       0.9762578457593918
     656.4293529019346352       0.9749963488429785
     656.4295530353568893       0.9523073285818100
     656.4297531687791434       1.0481785535812378
     656.4299533022015112       0.9993088074843399
     656.4301534356237653       0.9428387619554996
     656.4303535690460194       1.0230239424854517
     656.4305537024682735       0.9885729439556599
     656.4307538358906413       1.1112009808421135
     656.4309539693128954       1.0819231122732162
     656.4311541027351495       1.0717807561159134
     656.4313542361574036       0.9841583687812090
     656.4315543695797714       0.9213439449667931
     656.4317545030020256       1.0063781510107219
     656.4319546364242797       0.9966605231165886
     656.4321547698465338       0.9739107489585876
     656.4323549032689016       0.9927946082316339
     656.4325550366911557       1.0497587472200394
     656.4327551701134098       1.0110510252416134
     656.4329553035356639       1.0132214818149805
     656.4331554369580317       0.8915565386414528
     656.4333555703802858       1.0289286412298679
     656.4335557038025399       0.9957526535727084
     656.4337558372247940       0.9493872635066509
     656.4339559706471618       1.0178895890712738
     656.4341561040694160       1.0631470605731010
     656.4343562374916701       0.9847864937037230
     656.4345563709139242       1.0706086978316307
     656.4347565043361783       1.0056584943085909
     656.4349566377585461       1.0431600585579872
     656.4351567711808002       1.0262385457754135
     656.4353569046030543       0.9840040188282728
     656.4355570380253084       0.9478449150919914
     656.4357571714476762       0.9441044926643372
     656.4359573048699303       1.0361854843795300
     656.4361574382921845       0.9269709438085556
     656.4363575717144386       1.0354080758988857
     656.4365577051368064       0.9878230970352888
     656.4367578385590605       1.0054800617508590
     656.4369579719813146       1.0132775232195854
     656.4371581054035687       0.9983191447099671
     656.4373582388259365       0.9637507274746895
     656.4375583722481906       0.9358164370059967
     656.4377585056704447       0.9726942684501410
     656.4379586390926988       1.0447711795568466
     656.4381587725150666       0.9335832372307777
     656.4383589059373207       0.9797680247575045
     656.4385590393595749       1.0218757968395948
     656.4387591727818290       0.8787313774228096
     656.4389593062041968       0.9101903811097145
     656.4391594396264509       1.0599646344780922
     656.4393595730487050       1.0125274052843451
     656.4395597064709591       0.9418378584086895
     656.4397598398933269       1.0251606460660696
     656.4399599733155810       0.9635015614330769
     656.4401601067378351       1.0211865697056055
     656.4403602401600892       0.9483433701097965
     656.4405603735823433       1.0543322749435902
     656.4407605070047111       1.0110907079651952
     656.4409606404269653       1.0019643900450319
     656.4411607738492194       1.0333897285163403
     656.4413609072714735       0.9466626383364201
     656.4415610406938413       1.0598265528678894
     656.4417611741160954       0.9353399276733398
     656.4419613075383495       1.0587638691067696
     656.4421614409606036       1.0104475272819400
     656.4423615743829714       0.9594632387161255
     656.4425617078052255       0.9805616103112698
     656.4427618412274796       0.9938521482981741
     656.4429619746497337       1.0259157549589872
     656.4431621080721015       1.0622566752135754
     656.4433622414943557       0.9425833560526371
     656.4435623749166098       0.9964371393434703
     656.4437625083388639       1.0233414992690086
     656.4439626417612317       1.0220822431147099
     656.4441627751834858       1.0760035216808319
     656.4443629086057399       0.9769551847130060
     656.4445630420279940       1.0615639798343182
     656.4447631754503618       0.9856047453358769
     656.4449633088726159       0.9343747273087502
     656.4451634422948700       0.9735869765281677
     656.4453635757171241       0.9974257645662874
     656.4455637091393783       1.0314916484057903
     656.4457638425617461       1.0292236842215061
     656.4459639759840002       0.8879425749182701
     656.4461641094062543       0.9166482836008072
     656.4463642428285084       0.9485981985926628
     656.4465643762508762       0.9457359313964844
     656.4467645096731303       0.9377385117113590
     656.4469646430953844       0.9906522855162621
     656.4471647765176385       0.9610097892582417
     656.4473649099400063       0.9963938987348229
     656.4475650433622604       1.0220147352665663
     656.4477651767845146       0.9880129937082529
     656.4479653102067687       1.0123802106827497
     656.4481654436291365       0.9822872336953878
     656.4483655770513906       1.0224222745746374
     656.4485657104736447       1.0565406940877438
     656.4487658438958988       1.0955202803015709
     656.4489659773182666       1.0414385646581650
     656.4491661107405207       0.9477475918829441
     656.4493662441627748       1.0757850334048271
     656.4495663775850289       0.9624088890850544
     656.4497665110073967       1.0964527800679207
     656.4499666444296508       0.9951810599304736
     656.4501667778519050       1.0296025611460209
     656.4503669112741591       0.9155461043119431
     656.4505670446965269       0.8940707296133041
     656.4507671781187810       1.0524961762130260
     656.4509673115410351       0.9902630755677819
     656.4511674449632892       1.0114889433607459
     656.4513675783855433       0.9664916023612022
     656.4515677118079111       1.0247241463512182
     656.4517678452301652       1.0050134635530412
     656.4519679786524193       0.9893312072381377
     656.4521681120746734       0.9887058297172189
     656.4523682454970412       1.0071563730016351
     656.4525683789192954       1.0049107624217868
     656.4527685123415495       0.9911376172676682
     656.4529686457638036       1.0990552827715874
     656.4531687791861714       0.9993483197758906
     656.4533689126084255       0.9966583091299981
     656.4535690460306796       1.0066453688777983
     656.4537691794529337       1.0347394794225693
     656.4539693128753015       0.9440027959644794
     656.4541694462975556       0.9440687298774719
     656.4543695797198097       1.0238736104220152
     656.4545697131420638       0.9610800147056580
     656.4547698465644316       0.9373323693871498
     656.4549699799866858       1.0222605038434267
     656.4551701134089399       0.9641958773136139
     656.4553702468311940       0.9713540971279144
     656.4555703802535618       1.0290839821100235
     656.4557705136758159       0.9769557509571314
     656.4559706470980700       0.9948558434844017
     656.4561707805203241       1.1357587575912476
     656.4563709139425782       1.0038694143295288
     656.4565710473649460       0.9768052399158478
     656.4567711807872001       0.9829744342714548
     656.4569713142094542       1.0503986440598965
     656.4571714476317084       0.9582706689834595
     656.4573715810540762       1.0322677083313465
     656.4575717144763303       0.9780333396047354
     656.4577718478985844       1.0764841660857201
     656.4579719813208385       0.9893931047990918
     656.4581721147432063       1.0708668380975723
     656.4583722481654604       0.9094497933983803
     656.4585723815877145       0.9680693149566650
     656.4587725150099686       0.9347861036658287
     656.4589726484323364       0.9708882831037045
     656.4591727818545905       0.9671680517494678
     656.4593729152768447       0.9670819677412510
     656.4595730486990988       1.0300396066159010
     656.4597731821214666       1.0639349147677422
     656.4599733155437207       0.9424678385257721
     656.4601734489659748       1.0197925958782434
     656.4603735823882289       1.0874456167221069
     656.4605737158105967       0.8924358710646629
     656.4607738492328508       1.0642944201827049
     656.4609739826551049       1.0839457437396049
     656.4611741160773590       0.9168239980936050
     656.4613742494997268       1.0691507384181023
     656.4615743829219809       1.0470894500613213
     656.4617745163442351       0.9936471162363887
     656.4619746497664892       0.9846390411257744
     656.4621747831887433       1.0160014703869820
     656.4623749166111111       1.0007514725439250
     656.4625750500333652       0.9260479584336281
     656.4627751834556193       1.0872989520430565
     656.4629753168778734       1.1172257661819458
     656.4631754503002412       0.9991341826389544
     656.4633755837224953       0.9967514828313142
     656.4635757171447494       1.0189740955829620
     656.4637758505670035       1.0650246068835258
     656.4639759839893713       0.9953310410492122
     656.4641761174116255       0.9778329785913229
     656.4643762508338796       0.9811731968075037
     656.4645763842561337       1.0784992352128029
     656.4647765176785015       1.0388466492295265
     656.4649766511007556       0.9495028071105480
     656.4651767845230097       1.0136677836999297
     656.4653769179452638       1.0062035853043199
     656.4655770513676316       1.0032004627864808
     656.4657771847898857       0.9339124709367752
     656.4659773182121398       0.9852547496557236
     656.4661774516343939       1.0483965985476971
     656.4663775850567617       1.0329627394676208
     656.4665777184790159       1.0277690496295691
     656.4667778519012700       0.9949014191515744
     656.4669779853235241       0.9386791773140430
     656.4671781187458919       1.0086615243926644
     656.4673782521681460       0.9743987880647182
     656.4675783855904001       1.0155120436102152
     656.4677785190126542       0.9470677860081196
     656.4679786524349083       1.0191463585942984
     656.4681787858572761       0.9635636880993843
     656.4683789192795302       1.0654906183481216
     656.4685790527017843       0.9501178227365017
     656.4687791861240385       0.9923621481284499
     656.4689793195464063       0.9854271337389946
     656.4691794529686604       0.9724091496318579
     656.4693795863909145       1.0519454590976238
     656.4695797198131686       1.0844050422310829
     656.4697798532355364       1.0310471691191196
     656.4699799866577905       0.9496639706194401
     656.4701801200800446       0.9901205087080598
     656.4703802535022987       0.9731264468282461
     656.4705803869246665       0.9809262696653605
     656.4707805203469206       1.0275986697524786
     656.4709806537691748       0.9914143616333604
     656.4711807871914289       0.9520950652658939
     656.4713809206137967       0.9995695815887302
     656.4715810540360508       1.0947711616754532
     656.4717811874583049       0.9892440875992179
     656.4719813208805590       0.9566710628569126
     656.4721814543029268       0.8966687172651291
     656.4723815877251809       1.0409974046051502
     656.4725817211474350       0.9326123148202896
     656.4727818545696891       1.0426941774785519
     656.4729819879919432       0.9626331143081188
     656.4731821214143110       1.0520442388951778
     656.4733822548365652       0.9873299831524491
     656.4735823882588193       1.0343980602920055
     656.4737825216810734       0.9518553800880909
     656.4739826551034412       0.9679863825440407
     656.4741827885256953       1.0697007700800896
     656.4743829219479494       0.9903652528300881
     656.4745830553702035       1.0258411858230829
     656.4747831887925713       1.0518709309399128
     656.4749833222148254       0.9700325373560190
     656.4751834556370795       0.9016063883900642
     656.4753835890593336       0.9269548580050468
     656.4755837224817014       1.0006389408954419
     656.4757838559039556       0.9478048384189606
     656.4759839893262097       0.9256552234292030
     656.4761841227484638       0.9951355135999620
     656.4763842561708316       1.0647242963314056
     656.4765843895930857       0.9255922436714172
     656.4767845230153398       1.0078257517889142
     656.4769846564375939       1.0964711382985115
     656.4771847898599617       1.0634181499481201
     656.4773849232822158       1.0110859917476773
     656.4775850567044699       1.1260102987289429
     656.4777851901267240       0.9462594129145145
     656.4779853235490918       0.8772056475281715
     656.4781854569713460       1.0328018032014370
     656.4783855903936001       1.0640048906207085
     656.4785857238158542       1.0104932310059667
     656.4787858572381083       1.0126493619754910
     656.4789859906604761       1.0368794091045856
     656.4791861240827302       1.0635727569460869
     656.4793862575049843       0.9729220774024725
     656.4795863909272384       1.0205915849655867
     656.4797865243496062       0.9848478464409709
     656.4799866577718603       0.9992951143067330
     656.4801867911941144       0.9644464142620564
     656.4803869246163686       0.9632862880825996
     656.4805870580387364       1.0120503101497889
     656.4807871914609905       1.0484632924199104
     656.4809873248832446       1.0341674908995628
     656.4811874583054987       1.0542733483016491
     656.4813875917278665       1.0593509078025818
     656.4815877251501206       0.9810160826891661
     656.4817878585723747       0.9361198097467422
     656.4819879919946288       0.9881868753582239
     656.4821881254169966       1.0424286797642708
     656.4823882588392507       0.9908353881910443
     656.4825883922615049       0.9244269281625748
     656.4827885256837590       0.9439176060259342
     656.4829886591061268       0.9685462228953838
     656.4831887925283809       0.9693451840430498
     656.4833889259506350       0.9931454770267010
     656.4835890593728891       1.1098381280899048
     656.4837891927951432       0.9833200350403786
     656.4839893262175110       1.0379247814416885
     656.4841894596397651       0.9863554285839200
     656.4843895930620192       0.8911020234227180
     656.4845897264842733       1.0746053680777550
     656.4847898599066411       1.0689558312296867
     656.4849899933288953       0.9108004793524742
     656.4851901267511494       0.9334846213459969
     656.4853902601734035       1.0001984829141293
     656.4855903935957713       0.9318351894617081
     656.4857905270180254       1.0473551228642464
     656.4859906604402795       0.9484241530299187
     656.4861907938625336       0.9899267815053463
     656.4863909272849014       0.9842349905520678
     656.4865910607071555       1.0147669333964586
     656.4867911941294096       1.0024758451618254
     656.4869913275516637       0.9097022488713264
     656.4871914609740315       0.9734262824058533
     656.4873915943962857       1.0856971070170403
     656.4875917278185398       1.0131354304030538
     656.4877918612407939       0.9741788953542709
     656.4879919946631617       0.9868158949539065
     656.4881921280854158       0.9802219383418560
     656.4883922615076699       1.0911775529384613
     656.4885923949299240       0.9534172154963017
     656.4887925283522918       0.9390030726790428
     656.4889926617745459       1.0154420332983136
     656.4891927951968000       0.9372815117239952
     656.4893929286190541       0.9477303922176361
     656.4895930620413083       1.0156656764447689
     656.4897931954636761       1.0020560619886965
     656.4899933288859302       0.9753930140286684
     656.4901934623081843       0.9509157203137875
     656.4903935957304384       1.0372832976281643
     656.4905937291528062       1.0304229054600000
     656.4907938625750603       0.9769267477095127
     656.4909939959973144       1.0318148471415043
     656.4911941294195685       1.0397530123591423
     656.4913942628419363       0.9511657804250717
     656.4915943962641904       0.9800957720726728
     656.4917945296864445       1.0282360110431910
     656.4919946631086987       1.0017303739441559
     656.4921947965310665       0.9269792735576630
     656.4923949299533206       1.0092984000220895
     656.4925950633755747       1.0253886729478836
     656.4927951967978288       1.0978260040283203
     656.4929953302201966       0.9388912543654442
     656.4931954636424507       0.9333216547966003
     656.4933955970647048       1.0429677702486515
     656.4935957304869589       0.9906566357240081
     656.4937958639093267       0.9555153548717499
     656.4939959973315808       0.9116305187344551
     656.4941961307538350       1.0465710423886776
     656.4943962641760891       0.9818774834275246
     656.4945963975983432       1.0024719978682697
     656.4947965310207110       0.9799802023917437
     656.4949966644429651       0.9869992984458804
     656.4951967978652192       1.0661693736910820
     656.4953969312874733       1.0109719065949321
     656.4955970647098411       1.0035061687231064
     656.4957971981320952       1.0095503544434905
     656.4959973315543493       1.0059516243636608
     656.4961974649766034       0.9798568915575743
     656.4963975983989712       1.0022111458238214
     656.4965977318212254       1.0212173089385033
     656.4967978652434795       0.9985558973858133
     656.4969979986657336       1.0180490128695965
     656.4971981320881014       1.0495914183557034
     656.4973982655103555       1.0520286634564400
     656.4975983989326096       0.8923913016915321
     656.4977985323548637       1.1494493633508682
     656.4979986657772315       1.0010927635012195
     656.4981987991994856       0.9879918852820992
     656.4983989326217397       1.0376333482563496
     656.4985990660439938       0.9685301668941975
     656.4987991994663616       0.9461598582565784
     656.4989993328886158       0.9645656086504459
     656.4991994663108699       1.0280186422169209
     656.4993995997331240       0.9896222390234470
     656.4995997331554918       1.0289584193378687
     656.4997998665777459       1.0146855805069208
     656.5000000000000000       0.9763564690947533

