     656.2000000000000455       1.0031585935503244
     656.2002001334222996       0.9544922225177288
     656.2004002668445537       1.0141151193529367
     656.2006004002669215       1.0144619839265943
     656.2008005336891756       1.0249209795147181
     656.2010006671114297       0.9480842389166355
     656.2012008005336838       1.0099021047353745
     656.2014009339560516       0.9452552720904350
     656.2016010673783057       0.9596652612090111
     656.2018012008005599       1.0844012573361397
     656.2020013342228140       1.0485897548496723
     656.2022014676451818       1.0523268654942513
     656.2024016010674359       1.0676339864730835
     656.2026017344896900       1.0502936728298664
     656.2028018679119441       1.1427486389875412
     656.2030020013343119       1.0653117522597313
     656.2032021347565660       0.9863292882218957
     656.2034022681788201       0.9583222009241581
     656.2036024016010742       1.0314568541944027
     656.2038025350234420       1.0049917991273105
     656.2040026684456961       0.9495887681841850
     656.2042028018679503       1.0200386606156826
     656.2044029352902044       0.9463625065982342
     656.2046030687125722       1.0196195561438799
     656.2048032021348263       0.9633674211800098
     656.2050033355570804       0.9178730696439743
     656.2052034689793345       0.9185919091105461
     656.2054036024017023       0.9733281936496496
     656.2056037358239564       1.0044230162166059
     656.2058038692462105       0.9643845148384571
     656.2060040026684646       1.0493691489100456
     656.2062041360907187       0.9660725481808186
     656.2064042695130865       1.0571658201515675
     656.2066044029353407       1.0310962833464146
     656.2068045363575948       1.0719805285334587
     656.2070046697798489       0.9987419850658625
     656.2072048032022167       1.0024195450823754
     656.2074049366244708       1.0121522918343544
     656.2076050700467249       1.0650467798113823
     656.2078052034689790       0.9002014771103859
     656.2080053368913468       1.0242125522345304
     656.2082054703136009       1.0221650283783674
     656.2084056037358550       1.0827637016773224
     656.2086057371581092       1.0270430091768503
     656.2088058705804769       0.9895234135910869
     656.2090060040027311       1.0345652848482132
     656.2092061374249852       1.0274272598326206
     656.2094062708472393       1.0810028612613678
     656.2096064042696071       0.9532708264887333
     656.2098065376918612       1.0337452329695225
     656.2100066711141153       1.0154486615210772
     656.2102068045363694       1.0623601861298084
     656.2104069379587372       1.1266839951276779
     656.2106070713809913       1.0758116170763969
     656.2108072048032454       0.9024609848856926
     656.2110073382254996       1.0286435075104237
     656.2112074716477537       0.9352983161807060
     656.2114076050701215       0.9728267844766378
     656.2116077384923756       0.9653767496347427
     656.2118078719146297       1.0362003147602081
     656.2120080053368838       0.9554288126528263
     656.2122081387592516       0.9891513362526894
     656.2124082721815057       1.0180266387760639
     656.2126084056037598       1.0437758974730968
     656.2128085390260139       1.0051371296867728
     656.2130086724483817       1.0769423469901085
     656.2132088058706358       1.0186424832791090
     656.2134089392928900       0.9437699057161808
     656.2136090727151441       1.0387594960629940
     656.2138092061375119       0.9955030246637762
     656.2140093395597660       0.9841943401843309
     656.2142094729820201       0.9954263567924500
     656.2144096064042742       0.9695066902786493
     656.2146097398266420       1.0591819249093533
     656.2148098732488961       0.9788438789546490
     656.2150100066711502       0.9945569341070950
     656.2152101400934043       0.9821805879473686
     656.2154102735157721       1.1169727966189384
     656.2156104069380262       1.0689072683453560
     656.2158105403602804       0.9923163540661335
     656.2160106737825345       0.9734277892857790
     656.2162108072049023       1.0254292283207178
     656.2164109406271564       0.9724431391805410
     656.2166110740494105       1.0819347500801086
     656.2168112074716646       1.0179313756525517
     656.2170113408939187       0.9256619289517403
     656.2172114743162865       0.9531818851828575
     656.2174116077385406       0.9683696627616882
     656.2176117411607947       0.9238849952816963
     656.2178118745830488       0.8636294752359390
     656.2180120080054166       0.9776481762528419
     656.2182121414276708       1.0382461361587048
     656.2184122748499249       0.9935236899182200
     656.2186124082721790       0.9651886112987995
     656.2188125416945468       0.9455991126596928
     656.2190126751168009       0.9736391454935074
     656.2192128085390550       1.0474055521190166
     656.2194129419613091       1.0746886059641838
     656.2196130753836769       0.9927712497301400
     656.2198132088059310       0.9241716936230659
     656.2200133422281851       1.0453867726027966
     656.2202134756504392       1.0553549900650978
     656.2204136090728070       1.0503631718456745
     656.2206137424950612       1.0838579237461090
     656.2208138759173153       0.9803381375968456
     656.2210140093395694       1.0126743195578456
     656.2212141427619372       1.0078777028247714
     656.2214142761841913       1.0046257181093097
     656.2216144096064454       0.8972859978675842
     656.2218145430286995       1.0113482866436243
     656.2220146764509536       1.0304608438163996
     656.2222148098733214       0.9932443541474640
     656.2224149432955755       1.0298076402395964
     656.2226150767178297       1.0003364243020769
     656.2228152101400838       0.9927258379757404
     656.2230153435624516       1.0638196840882301
     656.2232154769847057       1.0016747525660321
     656.2234156104069598       1.0025117145851254
     656.2236157438292139       0.9636636935174465
     656.2238158772515817       1.0498275645077229
     656.2240160106738358       0.9735308382660151
     656.2242161440960899       0.9952198578976095
     656.2244162775183440       0.9539276883006096
     656.2246164109407118       1.0212019588798285
     656.2248165443629659       0.9093182533979416
     656.2250166777852201       1.0254736877977848
     656.2252168112074742       1.0462985374033451
     656.2254169446298420       1.0282405316829681
     656.2256170780520961       0.9772078134119511
     656.2258172114743502       0.9925793935544789
     656.2260173448966043       1.0090434318408370
     656.2262174783189721       1.0681972727179527
     656.2264176117412262       1.0469897091388702
     656.2266177451634803       1.0115217501297593
     656.2268178785857344       1.0122120697051287
     656.2270180120081022       0.9929046309553087
     656.2272181454303563       1.0269801598042250
     656.2274182788526105       0.9941043946892023
     656.2276184122748646       0.9422041215002537
     656.2278185456971187       1.0087398141622543
     656.2280186791194865       1.0084550147876143
     656.2282188125417406       1.0425522364675999
     656.2284189459639947       0.8720900416374207
     656.2286190793862488       0.9595502801239491
     656.2288192128086166       1.0070312656462193
     656.2290193462308707       1.0395847670733929
     656.2292194796531248       1.0343126133084297
     656.2294196130753789       0.9361563101410866
     656.2296197464977467       1.0793647170066833
     656.2298198799200009       0.9945351951755583
     656.2300200133422550       1.0229530241340399
     656.2302201467645091       0.9770104158669710
     656.2304202801868769       1.0759338587522507
     656.2306204136091310       1.0174158941954374
     656.2308205470313851       1.0778383836150169
     656.2310206804536392       0.9748740456998348
     656.2312208138760070       0.9688742905855179
     656.2314209472982611       0.9340604767203331
     656.2316210807205152       0.9661232791841030
     656.2318212141427693       0.9172327816486359
     656.2320213475651371       0.9862696183845401
     656.2322214809873913       0.9919302072376013
     656.2324216144096454       0.9643442668020725
     656.2326217478318995       1.0482081919908524
     656.2328218812541536       1.1109388843178749
     656.2330220146765214       0.9340508878231049
     656.2332221480987755       1.0052876281552017
     656.2334222815210296       0.9909386234357953
     656.2336224149432837       1.0262131597846746
     656.2338225483656515       1.1299882382154465
     656.2340226817879056       0.9989503592951223
     656.2342228152101598       0.9562644064426422
     656.2344229486324139       0.8975451588630676
     656.2346230820547817       0.9432966709136963
     656.2348232154770358       1.0040556089952588
     656.2350233488992899       1.0889789089560509
     656.2352234823215440       1.0238524638116360
     656.2354236157439118       1.0382144860923290
     656.2356237491661659       1.0426574721932411
     656.2358238825884200       1.0228961370885372
     656.2360240160106741       1.0066885286942124
     656.2362241494330419       0.9927530367858708
     656.2364242828552960       0.9235114231705666
     656.2366244162775502       1.0383479595184326
     656.2368245496998043       1.0499948821961880
     656.2370246831221721       1.0262973941862583
     656.2372248165444262       1.0131580680608749
     656.2374249499666803       1.0636966824531555
     656.2376250833889344       1.0890918001532555
     656.2378252168113022       1.0036525204777718
     656.2380253502335563       1.0113306511193514
     656.2382254836558104       1.0015459783608094
     656.2384256170780645       0.9907542178407311
     656.2386257505003186       0.9717602096498013
     656.2388258839226864       0.9883724087849259
     656.2390260173449406       0.9502691291272640
     656.2392261507671947       1.0087048634886742
     656.2394262841894488       1.0091541744768620
     656.2396264176118166       1.0280711259692907
     656.2398265510340707       0.9981820267857984
     656.2400266844563248       1.0599615685641766
     656.2402268178785789       0.9894424481317401
     656.2404269513009467       1.0001722250453895
     656.2406270847232008       1.0251727383583784
     656.2408272181454549       1.1013189107179642
     656.2410273515677090       1.0268130879849195
     656.2412274849900768       0.9849302349612117
     656.2414276184123310       1.0378991104662418
     656.2416277518345851       0.9482375495135784
     656.2418278852568392       0.9362815693020821
     656.2420280186792070       1.0732728987932205
     656.2422281521014611       1.0241558011621237
     656.2424282855237152       0.9714198019355536
     656.2426284189459693       1.0161373745650053
     656.2428285523683371       1.0549005568027496
     656.2430286857905912       1.0407331325113773
     656.2432288192128453       0.9272087663412094
     656.2434289526350994       1.0322023928165436
     656.2436290860574672       1.0029108829330653
     656.2438292194797214       1.0122579373419285
     656.2440293529019755       0.9233064427971840
     656.2442294863242296       1.0019811838865280
     656.2444296197464837       0.9998792753103771
     656.2446297531688515       1.0138554498553276
     656.2448298865911056       1.0332879871129990
     656.2450300200133597       1.0873703137040138
     656.2452301534356138       0.9938700855709612
     656.2454302868579816       1.1021788120269775
     656.2456304202802357       0.9912769626826048
     656.2458305537024899       0.9510964266955853
     656.2460306871247440       0.9870968172326684
     656.2462308205471118       0.9737909436225891
     656.2464309539693659       0.9802963156253099
     656.2466310873916200       0.9919426189735532
     656.2468312208138741       1.0417356714606285
     656.2470313542362419       1.0363851301372051
     656.2472314876584960       0.9822258204221725
     656.2474316210807501       0.9835981205105782
     656.2476317545030042       1.0074799507856369
     656.2478318879253720       0.9250453785061836
     656.2480320213476261       1.0580767467617989
     656.2482321547698803       1.0721395313739777
     656.2484322881921344       0.9588596262037754
     656.2486324216145022       1.0274621155112982
     656.2488325550367563       1.0511658303439617
     656.2490326884590104       0.9650941528379917
     656.2492328218812645       1.0234166979789734
     656.2494329553035186       0.9866736130788922
     656.2496330887258864       0.9771462045609951
     656.2498332221481405       0.9265539795160294
     656.2500333555703946       0.9325786307454109
     656.2502334889926487       0.9555041007697582
     656.2504336224150165       0.9721395540982485
     656.2506337558372707       1.0574625134468079
     656.2508338892595248       1.0615847781300545
     656.2510340226817789       0.9628451503813267
     656.2512341561041467       1.0406015068292618
     656.2514342895264008       1.0055621750652790
     656.2516344229486549       1.0078652352094650
     656.2518345563709090       1.0110868988558650
     656.2520346897932768       0.9394161514937878
     656.2522348232155309       1.0902463421225548
     656.2524349566377850       1.0158891975879669
     656.2526350900600391       0.9930985122919083
     656.2528352234824069       1.0285347551107407
     656.2530353569046611       0.9818836618214846
     656.2532354903269152       1.0358851589262486
     656.2534356237491693       1.0504845380783081
     656.2536357571715371       1.0504973828792572
     656.2538358905937912       1.0300031434744596
     656.2540360240160453       0.9711266271770000
     656.2542361574382994       1.0297963600605726
     656.2544362908606672       1.0079370075836778
     656.2546364242829213       0.9388175792992115
     656.2548365577051754       1.0013338397257030
     656.2550366911274295       1.0827897116541862
     656.2552368245496837       0.9835412949323654
     656.2554369579720515       1.0052093840204179
     656.2556370913943056       0.9843804026022553
     656.2558372248165597       1.0268233176320791
     656.2560373582388138       1.0052677192725241
     656.2562374916611816       0.9905313989147544
     656.2564376250834357       1.0275902505964041
     656.2566377585056898       1.0189357381314039
     656.2568378919279439       1.0679378658533096
     656.2570380253503117       0.9634654968976974
     656.2572381587725658       0.8945546746253967
     656.2574382921948200       0.9661250002682209
     656.2576384256170741       1.0346669517457485
     656.2578385590394419       0.9912631837651134
     656.2580386924616960       0.9096993505954742
     656.2582388258839501       0.9315556883811951
     656.2584389593062042       0.9514970406889915
     656.2586390927285720       0.9421567842364311
     656.2588392261508261       1.0213830024003983
     656.2590393595730802       1.0648482069373131
     656.2592394929953343       0.9598425664007664
     656.2594396264177021       1.0025219931267202
     656.2596397598399562       0.9721230659633875
     656.2598398932622104       0.9735815934836864
     656.2600400266844645       0.9711338449269533
     656.2602401601067186       0.9379324801266193
     656.2604402935290864       0.9332726299762726
     656.2606404269513405       0.9768982492387295
     656.2608405603735946       0.9834210649132729
     656.2610406937958487       1.0684991106390953
     656.2612408272182165       0.9685099311172962
     656.2614409606404706       0.9733490068465471
     656.2616410940627247       1.0300547573715448
     656.2618412274849788       0.9964089300483465
     656.2620413609073466       0.9894483843818307
     656.2622414943296008       1.0145807582885027
     656.2624416277518549       0.9599567689001560
     656.2626417611741090       0.9299248531460762
     656.2628418945964768       0.9645668007433414
     656.2630420280187309       0.9554064609110355
     656.2632421614409850       1.0117770163342357
     656.2634422948632391       1.0135532049462199
     656.2636424282856069       1.0540793426334858
     656.2638425617078610       1.0679816529154778
     656.2640426951301151       0.9148526564240456
     656.2642428285523692       1.0195248257368803
     656.2644429619747370       0.9305115491151810
     656.2646430953969912       0.9123082235455513
     656.2648432288192453       1.0643197000026703
     656.2650433622414994       1.0614346861839294
     656.2652434956638672       0.9313418939709663
     656.2654436290861213       0.9800733011215925
     656.2656437625083754       1.0234232600778341
     656.2658438959306295       1.1051669642329216
     656.2660440293528836       0.9936901880428195
     656.2662441627752514       1.0090048294514418
     656.2664442961975055       1.0108856754377484
     656.2666444296197596       1.0609894059598446
     656.2668445630420138       0.9079205244779587
     656.2670446964643816       1.0165336746722460
     656.2672448298866357       0.9461779408156872
     656.2674449633088898       0.9790686108171940
     656.2676450967311439       0.9274561479687691
     656.2678452301535117       0.9496253132820129
     656.2680453635757658       0.9767650254070759
     656.2682454969980199       0.9993894409853965
     656.2684456304202740       1.0170869063585997
     656.2686457638426418       1.0537546984851360
     656.2688458972648959       1.0662364140152931
     656.2690460306871501       1.0626267865300179
     656.2692461641094042       0.9395625218749046
     656.2694462975317720       0.9655969329178333
     656.2696464309540261       1.0114488061517477
     656.2698465643762802       1.0325515083968639
     656.2700466977985343       0.8795254677534103
     656.2702468312209021       0.9840760584920645
     656.2704469646431562       1.0290213581174612
     656.2706470980654103       0.9901210749521852
     656.2708472314876644       0.9861322203651071
     656.2710473649099185       0.9918527612462640
     656.2712474983322863       1.0345135442912579
     656.2714476317545405       1.0374501757323742
     656.2716477651767946       0.9157158508896828
     656.2718478985990487       1.0070812567137182
     656.2720480320214165       1.0394854955375195
     656.2722481654436706       1.0437925048172474
     656.2724482988659247       0.9964733060915023
     656.2726484322881788       1.0663401111960411
     656.2728485657105466       0.9391141533851624
     656.2730486991328007       1.0060121212154627
     656.2732488325550548       1.0557886473834515
     656.2734489659773089       1.0462695471942425
     656.2736490993996767       1.0241376459598541
     656.2738492328219309       0.9294729903340340
     656.2740493662441850       1.0098286690190434
     656.2742494996664391       1.0505955182015896
     656.2744496330888069       1.0365141443908215
     656.2746497665110610       1.0529922023415565
     656.2748498999333151       0.9649535045027733
     656.2750500333555692       1.0312337931245565
     656.2752501667779370       0.9661965928971767
     656.2754503002001911       1.0388915278017521
     656.2756504336224452       0.8802404031157494
     656.2758505670446993       0.9815512392669916
     656.2760507004670671       1.0723637565970421
     656.2762508338893213       0.9643474891781807
     656.2764509673115754       1.0728123411536217
     656.2766511007338295       1.0057398499920964
     656.2768512341560836       0.8914770558476448
     656.2770513675784514       1.0039829472079873
     656.2772515010007055       1.0125493928790092
     656.2774516344229596       1.0432911552488804
     656.2776517678452137       0.9986052972963080
     656.2778519012675815       0.9667339362204075
     656.2780520346898356       0.9399957247078419
     656.2782521681120897       1.0647321343421936
     656.2784523015343439       1.0935294628143311
     656.2786524349567117       0.9879975868389010
     656.2788525683789658       0.9849156467244029
     656.2790527018012199       1.0432370118796825
     656.2792528352234740       0.9743745867162943
     656.2794529686458418       1.0212537106126547
     656.2796531020680959       1.0617882125079632
     656.2798532354903500       1.0581779889762402
     656.2800533689126041       1.0589517056941986
     656.2802535023349719       1.0094644473865628
     656.2804536357572260       0.9934149035252631
     656.2806537691794802       1.0695543810725212
     656.2808539026017343       0.9481583535671234
     656.2810540360241021       1.0287607554346323
     656.2812541694463562       1.0163424648344517
     656.2814543028686103       1.0437149181962013
     656.2816544362908644       0.9448797889053822
     656.2818545697131185       0.9480019398033619
     656.2820547031354863       1.0825471132993698
     656.2822548365577404       1.0309973508119583
     656.2824549699799945       1.0069859945215285
     656.2826551034022486       0.9975933828391135
     656.2828552368246164       1.0988042429089546
     656.2830553702468706       1.0264319460839033
     656.2832555036691247       1.0010829534148797
     656.2834556370913788       1.0319637060165405
     656.2836557705137466       0.9482302889227867
     656.2838559039360007       0.9427202083170414
     656.2840560373582548       0.9463719911873341
     656.2842561707805089       1.0294939167797565
     656.2844563042028767       1.0306590925902128
     656.2846564376251308       1.0224957540631294
     656.2848565710473849       1.0052745542488992
     656.2850567044696390       0.8724997341632843
     656.2852568378920068       0.9969040788710117
     656.2854569713142610       1.0382662937045097
     656.2856571047365151       1.0445364899933338
     656.2858572381587692       0.9285147264599800
     656.2860573715811370       1.1071108356118202
     656.2862575050033911       1.0438967458903790
     656.2864576384256452       1.0421114377677441
     656.2866577718478993       1.1719211488962173
     656.2868579052702671       0.9706823974847794
     656.2870580386925212       0.9951900886371732
     656.2872581721147753       1.0334168933331966
     656.2874583055370294       1.0167062096297741
     656.2876584389592836       1.0873033925890923
     656.2878585723816514       0.9859808916226029
     656.2880587058039055       0.9677290022373199
     656.2882588392261596       1.0264707989990711
     656.2884589726484137       0.8744048774242401
     656.2886591060707815       0.9777027275413275
     656.2888592394930356       0.9274471029639244
     656.2890593729152897       1.0812873616814613
     656.2892595063375438       1.0705524012446404
     656.2894596397599116       1.0591231584548950
     656.2896597731821657       0.9607124850153923
     656.2898599066044198       0.9633083902299404
     656.2900600400266740       1.0772939398884773
     656.2902601734490418       1.1116743236780167
     656.2904603068712959       1.0010114330798388
     656.2906604402935500       0.8922058120369911
     656.2908605737158041       0.9974592565558851
     656.2910607071381719       1.0420114807784557
     656.2912608405604260       1.0341954901814461
     656.2914609739826801       0.9455051831901073
     656.2916611074049342       1.0630737468600273
     656.2918612408273020       0.9480354376137257
     656.2920613742495561       1.0398312583565712
     656.2922615076718103       0.9952690224163234
     656.2924616410940644       0.9953387868590653
     656.2926617745164322       0.9841544833034277
     656.2928619079386863       1.0127890286967158
     656.2930620413609404       1.0495470315217972
     656.2932621747831945       0.9641226753592491
     656.2934623082054486       0.9896773258224130
     656.2936624416278164       1.0344313047826290
     656.2938625750500705       1.0181401930749416
     656.2940627084723246       0.9689428023993969
     656.2942628418945787       1.0199207849800587
     656.2944629753169465       1.0198344346135855
     656.2946631087392007       1.0490445531904697
     656.2948632421614548       1.0021193947177380
     656.2950633755837089       1.0346608534455299
     656.2952635090060767       1.0043495683930814
     656.2954636424283308       1.0296775605529547
     656.2956637758505849       0.9843927454203367
     656.2958639092728390       0.9218236878514290
     656.2960640426952068       1.0170345976948738
     656.2962641761174609       1.0265394058078527
     656.2964643095397150       0.9361203685402870
     656.2966644429619691       0.9604153633117676
     656.2968645763843369       0.9035060107707977
     656.2970647098065911       0.9813418108969927
     656.2972648432288452       0.9939200542867184
     656.2974649766510993       0.9563835412263870
     656.2976651100734671       1.0180789399892092
     656.2978652434957212       0.9766143746674061
     656.2980653769179753       1.0217480193823576
     656.2982655103402294       1.0062946709804237
     656.2984656437624835       0.9907578909769654
     656.2986657771848513       0.8491379618644714
     656.2988659106071054       1.0121240867301822
     656.2990660440293595       0.9015510082244873
     656.2992661774516137       0.9704212956130505
     656.2994663108739815       0.9761202223598957
     656.2996664442962356       1.0661082193255424
     656.2998665777184897       0.9448875412344933
     656.3000667111407438       1.0225916933268309
     656.3002668445631116       1.0049500335007906
     656.3004669779853657       0.9926192476414144
     656.3006671114076198       1.0382742770016193
     656.3008672448298739       0.9847380099818110
     656.3010673782522417       0.9631711579859257
     656.3012675116744958       0.9479712732136250
     656.3014676450967499       1.1026738882064819
     656.3016677785190041       0.9328242018818855
     656.3018679119413719       1.0752425566315651
     656.3020680453636260       0.9153255373239517
     656.3022681787858801       1.0133109530434012
     656.3024683122081342       1.0742850899696350
     656.3026684456305020       0.9638661332428455
     656.3028685790527561       0.9782533738762140
     656.3030687124750102       1.0079283202067018
     656.3032688458972643       1.0356777571141720
     656.3034689793196321       1.0166442450135946
     656.3036691127418862       0.9392001517117023
     656.3038692461641403       1.0181212555617094
     656.3040693795863945       1.0658640190958977
     656.3042695130086486       1.0470051877200603
     656.3044696464310164       1.0001666675525485
     656.3046697798532705       0.9346740245819092
     656.3048699132755246       1.0202869828790426
     656.3050700466977787       1.0119218593463302
     656.3052701801201465       1.0051678135059774
     656.3054703135424006       1.0258322991430759
     656.3056704469646547       0.9808553531765938
     656.3058705803869088       0.9722858071327209
     656.3060707138092766       0.9354243949055672
     656.3062708472315308       1.0033555775880814
     656.3064709806537849       1.0025939976330847
     656.3066711140760390       1.0626232549548149
     656.3068712474984068       0.9589914940297604
     656.3070713809206609       0.9760849289596081
     656.3072715143429150       0.9829361736774445
     656.3074716477651691       1.0331466160714626
     656.3076717811875369       0.9996024673746433
     656.3078719146097910       0.9281417876482010
     656.3080720480320451       0.9725345391780138
     656.3082721814542992       1.0178645439445972
     656.3084723148766670       1.0848916545510292
     656.3086724482989212       0.9316303208470345
     656.3088725817211753       1.0725243315100670
     656.3090727151434294       1.0268222726881504
     656.3092728485656835       0.9985819385619834
     656.3094729819880513       1.0307453274726868
     656.3096731154103054       0.9752659648656845
     656.3098732488325595       0.9563102833926678
     656.3100733822548136       0.9860043851658702
     656.3102735156771814       0.9992823172360659
     656.3104736490994355       0.9782940726727247
     656.3106737825216896       0.9233354702591896
     656.3108739159439438       0.9827913120388985
     656.3110740493663116       0.9508309550583363
     656.3112741827885657       1.0035622285213321
     656.3114743162108198       0.9884036220610142
     656.3116744496330739       1.0993232205510139
     656.3118745830554417       1.0411253310739994
     656.3120747164776958       1.0578697919845581
     656.3122748498999499       1.0322636142373085
     656.3124749833222040       1.0603307671844959
     656.3126751167445718       0.8778617382049561
     656.3128752501668259       0.9562394842505455
     656.3130753835890800       1.1240988299250603
     656.3132755170113342       1.0767897441983223
     656.3134756504337020       1.0181760322302580
     656.3136757838559561       1.0279020667076111
     656.3138759172782102       0.8889133110642433
     656.3140760507004643       0.9733690582215786
     656.3142761841228321       0.9420189969241619
     656.3144763175450862       0.9512632600963116
     656.3146764509673403       0.9645276479423046
     656.3148765843895944       0.9336374327540398
     656.3150767178118485       0.9773012921214104
     656.3152768512342163       0.9210442528128624
     656.3154769846564704       0.9768825303763151
     656.3156771180787246       1.0792113468050957
     656.3158772515009787       1.0254995413124561
     656.3160773849233465       0.9561820290982723
     656.3162775183456006       0.9847336532548070
     656.3164776517678547       0.9522220529615879
     656.3166777851901088       1.0352176390588284
     656.3168779186124766       0.9999470692127943
     656.3170780520347307       0.9031695201992989
     656.3172781854569848       0.9554134234786034
     656.3174783188792389       1.0723422169685364
     656.3176784523016067       1.0072271213866770
     656.3178785857238609       1.0411733947694302
     656.3180787191461150       0.9422456920146942
     656.3182788525683691       1.0864944532513618
     656.3184789859907369       0.9776878748089075
     656.3186791194129910       0.9860968561843038
     656.3188792528352451       0.9911630125716329
     656.3190793862574992       0.9867450864985585
     656.3192795196798670       1.0660094022750854
     656.3194796531021211       0.9684390313923359
     656.3196797865243752       1.0165150295943022
     656.3198799199466293       0.9927099929191172
     656.3200800533688835       1.0107882311567664
     656.3202801867912513       0.9803728032857180
     656.3204803202135054       0.9859572034329176
     656.3206804536357595       1.0003857097763103
     656.3208805870580136       0.9774945750832558
     656.3210807204803814       1.0213187076151371
     656.3212808539026355       0.9686503000557423
     656.3214809873248896       0.9858558773994446
     656.3216811207471437       1.0609096586704254
     656.3218812541695115       0.9688911400735378
     656.3220813875917656       1.0535343773663044
     656.3222815210140197       1.0520179234445095
     656.3224816544362739       1.0107691986486316
     656.3226817878586417       0.9958590883761644
     656.3228819212808958       0.9594247080385685
     656.3230820547031499       1.0508655719459057
     656.3232821881254040       0.9968454700428993
     656.3234823215477718       1.0914734378457069
     656.3236824549700259       1.1058876514434814
     656.3238825883922800       0.9501699991524220
     656.3240827218145341       1.0164494793862104
     656.3242828552369019       0.9297354295849800
     656.3244829886591560       1.0162432473152876
     656.3246831220814101       0.9842157736420631
     656.3248832555036643       1.0096041932702065
     656.3250833889260321       0.9787086918950081
     656.3252835223482862       1.0404281169176102
     656.3254836557705403       1.0027755701448768
     656.3256837891927944       1.0575683824717999
     656.3258839226150485       0.9726013094186783
     656.3260840560374163       1.1012120172381401
     656.3262841894596704       0.9900071993470192
     656.3264843228819245       1.0133467530831695
     656.3266844563041786       0.9918432654812932
     656.3268845897265464       0.9939590804278851
     656.3270847231488005       0.9381481744349003
     656.3272848565710547       1.0342915989458561
     656.3274849899933088       0.8355527520179749
     656.3276851234156766       1.0710453167557716
     656.3278852568379307       0.9043085500597954
     656.3280853902601848       0.9504662789404392
     656.3282855236824389       1.0007480186759494
     656.3284856571048067       0.9363143071532249
     656.3286857905270608       0.9966718673240393
     656.3288859239493149       1.0280922856181860
     656.3290860573715690       0.8858388513326645
     656.3292861907939368       0.8773688748478889
     656.3294863242161910       0.9855006868019700
     656.3296864576384451       1.0029453726019710
     656.3298865910606992       0.9799752756953239
     656.3300867244830670       1.0512929968535900
     656.3302868579053211       1.0361688286066055
     656.3304869913275752       0.9821158405393362
     656.3306871247498293       0.9917007507756352
     656.3308872581721971       1.0107986843213439
     656.3310873915944512       0.9064344540238380
     656.3312875250167053       0.9385851658880711
     656.3314876584389594       1.0139987496659160
     656.3316877918612136       0.9575769491493702
     656.3318879252835814       1.0058111627586186
     656.3320880587058355       1.0451802276074886
     656.3322881921280896       1.0120433028787374
     656.3324883255503437       1.0424165390431881
     656.3326884589727115       0.9468888342380524
     656.3328885923949656       1.0118302693590522
     656.3330887258172197       1.1118957996368408
     656.3332888592394738       0.9987057183170691
     656.3334889926618416       1.0935872122645378
     656.3336891260840957       0.9094357341527939
     656.3338892595063498       0.9738359097391367
     656.3340893929286040       1.0027579970192164
     656.3342895263509718       0.9697171710431576
     656.3344896597732259       0.9747784994542599
     656.3346897931954800       0.9377958513796329
     656.3348899266177341       0.8955127075314522
     656.3350900600401019       1.0628043711185455
     656.3352901934623560       1.0306870527565479
     656.3354903268846101       1.0362048931419849
     656.3356904603068642       0.9785455092787743
     656.3358905937292320       0.9761688821017742
     656.3360907271514861       0.9322553277015686
     656.3362908605737402       1.0089793903753161
     656.3364909939959944       0.9524531699717045
     656.3366911274182485       1.0558158941566944
     656.3368912608406163       1.0788941010832787
     656.3370913942628704       0.9238348379731178
     656.3372915276851245       0.9777381923049688
     656.3374916611073786       1.0801806002855301
     656.3376917945297464       1.0271642040461302
     656.3378919279520005       0.9461000673472881
     656.3380920613742546       0.9603035151958466
     656.3382921947965087       0.9749131947755814
     656.3384923282188765       0.9813860598951578
     656.3386924616411306       1.0048885862343013
     656.3388925950633848       1.0050981226377189
     656.3390927284856389       1.0268177129328251
     656.3392928619080067       1.0418673381209373
     656.3394929953302608       0.9988693479681388
     656.3396931287525149       1.0416923575103283
     656.3398932621747690       0.9291942492127419
     656.3400933955971368       0.9853708129376173
     656.3402935290193909       1.0580099597573280
     656.3404936624416450       1.0181736238300800
     656.3406937958638991       0.9404356777667999
     656.3408939292862669       1.0430476404726505
     656.3410940627085211       1.0102767925709486
     656.3412941961307752       1.0426847301423550
     656.3414943295530293       0.9363354817032814
     656.3416944629753971       1.0172793138772249
     656.3418945963976512       0.9326832145452499
     656.3420947298199053       1.0005048187449574
     656.3422948632421594       1.0126660317182541
     656.3424949966644135       0.9966468226630241
     656.3426951300867813       1.0228139739483595
     656.3428952635090354       1.0129828378558159
     656.3430953969312895       1.0257933121174574
     656.3432955303535437       0.9399424903094769
     656.3434956637759115       1.0120379980653524
     656.3436957971981656       0.9804668799042702
     656.3438959306204197       0.9571956433355808
     656.3440960640426738       0.9706480503082275
     656.3442961974650416       0.9989415426971391
     656.3444963308872957       0.9656827040016651
     656.3446964643095498       1.0392946787178516
     656.3448965977318039       0.9413576163351536
     656.3450967311541717       1.0371740721166134
     656.3452968645764258       1.0847491398453712
     656.3454969979986799       1.0485797785222530
     656.3456971314209341       1.0595753677189350
     656.3458972648433019       1.0503377132117748
     656.3460973982655560       0.9268201962113380
     656.3462975316878101       0.9853217434138060
     656.3464976651100642       1.0374386645853519
     656.3466977985324320       1.0381372086703777
     656.3468979319546861       1.0183775909245014
     656.3470980653769402       0.9858641633763909
     656.3472981987991943       1.0425832644104958
     656.3474983322214484       1.0679083094000816
     656.3476984656438162       1.0362494587898254
     656.3478985990660703       0.9939410113729537
     656.3480987324883245       1.0167503189295530
     656.3482988659105786       1.0332283489406109
     656.3484989993329464       0.9621206708252430
     656.3486991327552005       0.9318594858050346
     656.3488992661774546       1.0066513284109533
     656.3490993995997087       0.9384315237402916
     656.3492995330220765       0.9750991258770227
     656.3494996664443306       0.9801046978682280
     656.3496997998665847       0.8806333020329475
     656.3498999332888388       0.9650217480957508
     656.3501000667112066       0.9550067111849785
     656.3503002001334607       1.0492684319615364
     656.3505003335557149       0.9471548907458782
     656.3507004669779690       1.1057090163230896
     656.3509006004003368       1.0074090356938541
     656.3511007338225909       1.0503873229026794
     656.3513008672448450       1.0404069088399410
     656.3515010006670991       0.9728636648505926
     656.3517011340894669       1.0177226383239031
     656.3519012675117210       1.0433534495532513
     656.3521014009339751       1.0509691834449768
     656.3523015343562292       0.8670827001333237
     656.3525016677785970       0.9809963107109070
     656.3527018012008512       1.0118788275867701
     656.3529019346231053       1.0104763954877853
     656.3531020680453594       0.9981271885335445
     656.3533022014676135       1.0001967313000932
     656.3535023348899813       0.9864040492102504
     656.3537024683122354       1.0106655610725284
     656.3539026017344895       1.0180478580296040
     656.3541027351567436       0.9430182389914989
     656.3543028685791114       1.0300869438797235
     656.3545030020013655       1.0652054026722908
     656.3547031354236196       0.8907882347702980
     656.3549032688458738       1.0078955572098494
     656.3551034022682416       1.0460427738726139
     656.3553035356904957       0.9925965690053999
     656.3555036691127498       1.1018672958016396
     656.3557038025350039       1.0056520989164710
     656.3559039359573717       1.0542963556945324
     656.3561040693796258       0.9344895854592323
     656.3563042028018799       0.9843053687363863
     656.3565043362241340       1.0498287193477154
     656.3567044696465018       0.9479020163416862
     656.3569046030687559       0.9161766842007637
     656.3571047364910100       1.0174243394285440
     656.3573048699132642       0.9116112813353539
     656.3575050033356320       1.0172854326665401
     656.3577051367578861       0.9935845513828099
     656.3579052701801402       1.0311746578663588
     656.3581054036023943       0.9731232337653637
     656.3583055370246484       1.0649023577570915
     656.3585056704470162       0.9947189618833363
     656.3587058038692703       0.9878379078581929
     656.3589059372915244       0.9457569308578968
     656.3591060707137785       1.0241733398288488
     656.3593062041361463       1.0683946907520294
     656.3595063375584004       0.9999805549905432
     656.3597064709806546       1.0639673471450806
     656.3599066044029087       0.9226740971207619
     656.3601067378252765       0.9279481396079063
     656.3603068712475306       0.9719336889684200
     656.3605070046697847       1.0157950427383184
     656.3607071380920388       0.9769633822143078
     656.3609072715144066       0.9562919549643993
     656.3611074049366607       0.9311103969812393
     656.3613075383589148       0.9946828288957477
     656.3615076717811689       0.9653044380247593
     656.3617078052035367       1.0378856919705868
     656.3619079386257908       0.9210726991295815
     656.3621080720480450       1.0575428903102875
     656.3623082054702991       1.0087504331022501
     656.3625083388926669       1.0858925208449364
     656.3627084723149210       0.9381304085254669
     656.3629086057371751       0.9829352740198374
     656.3631087391594292       1.0333162136375904
     656.3633088725817970       1.0023098406381905
     656.3635090060040511       0.9999753450192657
     656.3637091394263052       0.9937311154790223
     656.3639092728485593       1.0548945553600788
     656.3641094062708135       1.0031482286285609
     656.3643095396931813       1.0566851310431957
     656.3645096731154354       1.0346657559275627
     656.3647098065376895       1.0145210120826960
     656.3649099399599436       0.9370994642376897
     656.3651100733823114       1.0814862847328182
     656.3653102068045655       1.0376590713858600
     656.3655103402268196       0.9758796542882913
     656.3657104736490737       0.9097085744142522
     656.3659106070714415       1.0431852526962742
     656.3661107404936956       0.9472763724625088
     656.3663108739159497       1.0308365207165446
     656.3665110073382039       1.0246628243476104
     656.3667111407605717       1.0133094731718226
     656.3669112741828258       1.0237445421516784
     656.3671114076050799       0.9613083563744860
     656.3673115410273340       0.9834040421992302
     656.3675116744497018       0.9245965555309898
     656.3677118078719559       1.0294646862893782
     656.3679119412942100       0.9808168336748324
     656.3681120747164641       0.9735300503670072
     656.3683122081388319       1.1012391969559983
     656.3685123415610860       1.0142593011257719
     656.3687124749833401       0.9655519686635958
     656.3689126084055943       0.9560734815890720
     656.3691127418278484       0.9823333770029732
     656.3693128752502162       1.0226099248965510
     656.3695130086724703       0.9355089291915861
     656.3697131420947244       0.9485012479105961
     656.3699132755169785       0.9541947729856360
     656.3701134089393463       1.0387479960876873
     656.3703135423616004       1.0078842872694793
     656.3705136757838545       1.0375439785337481
     656.3707138092061086       0.9485393501700442
     656.3709139426284764       1.0406087748540567
     656.3711140760507305       0.9587608910864224
     656.3713142094729847       1.0671069845231034
     656.3715143428952388       0.9077981411954913
     656.3717144763176066       1.0168320927133543
     656.3719146097398607       1.0179089325527970
     656.3721147431621148       1.0596809385981594
     656.3723148765843689       1.0254626216534095
     656.3725150100067367       0.9226034951850420
     656.3727151434289908       1.0343413163480717
     656.3729152768512449       0.9929079334485060
     656.3731154102734990       0.9788215321949341
     656.3733155436958668       1.0288008983350863
     656.3735156771181209       1.0392153326315641
     656.3737158105403751       1.0043555152165460
     656.3739159439626292       0.9547721014978333
     656.3741160773849970       1.0185386491742403
     656.3743162108072511       0.9627347736837901
     656.3745163442295052       1.0242140037130085
     656.3747164776517593       1.0300841113863446
     656.3749166110740134       0.9910034566506505
     656.3751167444963812       0.9701872065855492
     656.3753168779186353       1.0797207415456553
     656.3755170113408894       1.0206411822290422
     656.3757171447631436       1.0064226286937767
     656.3759172781855113       1.0450374065565660
     656.3761174116077655       0.9339692462186215
     656.3763175450300196       0.9963950511817748
     656.3765176784522737       1.0104528653512828
     656.3767178118746415       0.9652867036348499
     656.3769179452968956       1.0706255663638748
     656.3771180787191497       0.9876436415376859
     656.3773182121414038       1.0864258798277797
     656.3775183455637716       1.0658427046482504
     656.3777184789860257       1.0074113534146987
     656.3779186124082798       0.9614889434137460
     656.3781187458305340       1.0269594438460565
     656.3783188792529018       1.0061545082179331
     656.3785190126751559       1.1037385063849543
     656.3787191460974100       0.9470873316307818
     656.3789192795196641       0.9905609116895362
     656.3791194129420319       0.9938865135333491
     656.3793195463642860       0.9585648706496387
     656.3795196797865401       1.0601207553503236
     656.3797198132087942       1.0557101902582207
     656.3799199466311620       1.1109791681231591
     656.3801200800534161       0.9890659941006308
     656.3803202134756702       0.9325747031637722
     656.3805203468979244       0.9212095597539004
     656.3807204803201785       1.0289210668196307
     656.3809206137425463       1.0579241771878243
     656.3811207471648004       1.0153753771748111
     656.3813208805870545       1.0772336217853420
     656.3815210140093086       0.9890832153944951
     656.3817211474316764       0.9569064992951765
     656.3819212808539305       1.0754324772586585
     656.3821214142761846       0.9725428023357849
     656.3823215476984387       0.9910868075974972
     656.3825216811208065       0.9762164192794185
     656.3827218145430606       1.0024079053730834
     656.3829219479653148       0.9689154218098012
     656.3831220813875689       0.9873907433346635
     656.3833222148099367       1.0009314959393087
     656.3835223482321908       0.9276391752082307
     656.3837224816544449       0.9675590155644971
     656.3839226150766990       1.0089401445156234
     656.3841227484990668       0.9962188874773360
     656.3843228819213209       1.0146328802783957
     656.3845230153435750       0.9776868442618677
     656.3847231487658291       0.9736091012896608
     656.3849232821881969       0.9736820940349937
     656.3851234156104510       0.8539049256297792
     656.3853235490327052       0.9704096147998631
     656.3855236824549593       0.9708765692902305
     656.3857238158772134       1.0421520568671787
     656.3859239492995812       1.0205770118297521
     656.3861240827218353       0.9583719087780043
     656.3863242161440894       1.0071370569390896
     656.3865243495663435       0.9668095645867607
     656.3867244829887113       1.0144927636019974
     656.3869246164109654       0.9321082916058336
     656.3871247498332195       1.0221094756727309
     656.3873248832554737       0.9669829108977117
     656.3875250166778414       0.9305919145841426
     656.3877251501000956       1.0437788797998255
     656.3879252835223497       1.0862428038455139
     656.3881254169446038       0.9888864023126455
     656.3883255503669716       1.0093384540837445
     656.3885256837892257       1.0331975210955979
     656.3887258172114798       0.9425426967534262
     656.3889259506337339       0.8983915353911825
     656.3891260840561017       1.0394485761918828
     656.3893262174783558       0.9709510693192567
     656.3895263509006099       1.1330609398175437
     656.3897264843228641       1.1023458609109080
     656.3899266177452319       1.0639844273999319
     656.3901267511674860       0.9207871682802655
     656.3903268845897401       0.9938629068356662
     656.3905270180119942       0.8876610816706328
     656.3907271514343620       1.0016519594805606
     656.3909272848566161       0.8787088996946608
     656.3911274182788702       1.0363954640186412
     656.3913275517011243       0.9447044802042140
     656.3915276851233784       0.9431425239682749
     656.3917278185457462       0.9499202783990119
     656.3919279519680003       0.9125510967217243
     656.3921280853902545       0.9695597987415031
     656.3923282188125086       0.8858665590427116
     656.3925283522348764       0.9216428171193431
     656.3927284856571305       0.9480658376391006
     656.3929286190793846       0.9731799841139988
     656.3931287525016387       0.9637869916253071
     656.3933288859240065       0.9091242115026135
     656.3935290193462606       0.8750727779696226
     656.3937291527685147       0.9327324015093382
     656.3939292861907688       0.8278543340611931
     656.3941294196131366       0.8921509492694139
     656.3943295530353907       0.8799342848887526
     656.3945296864576449       0.7725509890805782
     656.3947298198798990       0.8273664565167012
     656.3949299533022668       0.8894875446542386
     656.3951300867245209       0.8545058711515201
     656.3953302201467750       0.9091765405124312
     656.3955303535690291       0.8286316955576890
     656.3957304869913969       0.8391155773735970
     656.3959306204136510       0.9012797055595874
     656.3961307538359051       0.8284130484867536
     656.3963308872581592       0.8015716291366828
     656.3965310206804133       0.8797934148345357
     656.3967311541027811       0.8185392123764265
     656.3969312875250353       0.8186450234506097
     656.3971314209472894       0.7542539911408868
     656.3973315543695435       0.8195513334787590
     656.3975316877919113       0.8094065062901976
     656.3977318212141654       0.8749043679167006
     656.3979319546364195       0.8402090883368589
     656.3981320880586736       0.7281884315307587
     656.3983322214810414       0.7654173608999817
     656.3985323549032955       0.8237313265759266
     656.3987324883255496       0.8522184795059474
     656.3989326217478038       0.8291579093791944
     656.3991327551701715       0.7681740633604494
     656.3993328885924257       0.8968551042244099
     656.3995330220146798       0.8135648126555545
     656.3997331554369339       0.8321602733346475
     656.3999332888593017       0.8539836295581226
     656.4001334222815558       0.7667055129146642
     656.4003335557038099       0.7670787276716429
     656.4005336891260640       0.8933159101125544
     656.4007338225484318       0.8092080674206312
     656.4009339559706859       0.7620450816000919
     656.4011340893929400       0.8847507413256692
     656.4013342228151942       0.9183671642101661
     656.4015343562375620       0.8170184356476147
     656.4017344896598161       0.8469161397553907
     656.4019346230820702       0.9250298375419486
     656.4021347565043243       0.9288668544814987
     656.4023348899265784       0.8738850452704511
     656.4025350233489462       0.9179296648213621
     656.4027351567712003       0.8374466667856419
     656.4029352901934544       0.9312138464857582
     656.4031354236157085       0.8795437126123893
     656.4033355570380763       0.9512075336452896
     656.4035356904603304       0.9673193296927315
     656.4037358238825846       1.0031890703047819
     656.4039359573048387       0.8274899330708608
     656.4041360907272065       0.9367725828131631
     656.4043362241494606       0.8919520481098613
     656.4045363575717147       0.9710934342336682
     656.4047364909939688       0.9580181448358136
     656.4049366244163366       0.9775686729868432
     656.4051367578385907       0.9316098612342958
     656.4053368912608448       0.9805448372069305
     656.4055370246830989       0.8974606693760339
     656.4057371581054667       0.9373851856849441
     656.4059372915277208       0.9381988679292399
     656.4061374249499750       0.9200010612227280
     656.4063375583722291       1.0049522107306736
     656.4065376917945969       1.0644196243044579
     656.4067378252168510       1.0344777544083599
     656.4069379586391051       1.0687235630703029
     656.4071380920613592       0.9133076585562159
     656.4073382254836133       0.9296206670497357
     656.4075383589059811       0.9430845455020838
     656.4077384923282352       1.0428519845319171
     656.4079386257504893       1.0206219211810619
     656.4081387591727434       1.0527308391170822
     656.4083388925951112       0.9643107871087812
     656.4085390260173654       0.9515950122943937
     656.4087391594396195       0.9475666055043471
     656.4089392928618736       0.9850300910662603
     656.4091394262842414       0.9490305550565440
     656.4093395597064955       1.0739196248868432
     656.4095396931287496       1.0534977433103974
     656.4097398265510037       1.0885827289884797
     656.4099399599733715       0.9542087291049349
     656.4101400933956256       0.9609537098254195
     656.4103402268178797       0.9824356827602808
     656.4105403602401339       1.0034352919570879
     656.4107404936625016       0.9709862460883797
     656.4109406270847558       0.8942131864932310
     656.4111407605070099       1.0798397927627406
     656.4113408939292640       0.9609379505360460
     656.4115410273516318       0.9827220755839552
     656.4117411607738859       0.9789811129824744
     656.4119412941961400       0.9781480822392735
     656.4121414276183941       0.9277848986459026
     656.4123415610407619       1.0260159126662534
     656.4125416944630160       1.0588188809582570
     656.4127418278852701       1.0173562286500908
     656.4129419613075243       0.8913418582852595
     656.4131420947297784       1.0649868510063552
     656.4133422281521462       1.0293345186853053
     656.4135423615744003       0.9574954121002958
     656.4137424949966544       1.0653815393201240
     656.4139426284189085       1.0240227665898973
     656.4141427618412763       1.0628025800620202
     656.4143428952635304       0.9846343335036867
     656.4145430286857845       1.0681599343191417
     656.4147431621080386       0.9170254247592565
     656.4149432955304064       0.8817666610449258
     656.4151434289526605       0.9809080929447467
     656.4153435623749147       1.0141362781821532
     656.4155436957971688       1.0175839237709399
     656.4157438292195366       0.9902108286355162
     656.4159439626417907       0.9468751660277308
     656.4161440960640448       1.0443728311267719
     656.4163442294862989       1.0255010174007282
     656.4165443629086667       0.9815086285041242
     656.4167444963309208       1.0855620052879498
     656.4169446297531749       0.9624676629782962
     656.4171447631754290       0.9617981332685244
     656.4173448965977968       0.9672894639441413
     656.4175450300200509       0.9665027219297777
     656.4177451634423051       0.9476436640982090
     656.4179452968645592       0.9825211458574399
     656.4181454302869270       0.9318392126669195
     656.4183455637091811       0.9562052515326599
     656.4185456971314352       0.9646895141510869
     656.4187458305536893       0.9899993873472449
     656.4189459639759434       1.1182886126310085
     656.4191460973983112       0.9718175036976420
     656.4193462308205653       1.0063940035950787
     656.4195463642428194       0.9774675510728017
     656.4197464976650735       0.9736210805823825
     656.4199466310874413       1.0806342749146705
     656.4201467645096955       0.9433018641875706
     656.4203468979319496       1.0778067956278004
     656.4205470313542037       1.0705376841915655
     656.4207471647765715       0.8879686725280806
     656.4209472981988256       0.9908479615051556
     656.4211474316210797       1.0564667855834622
     656.4213475650433338       0.9519540453532304
     656.4215476984657016       1.0357564797578867
     656.4217478318879557       1.0081658297060963
     656.4219479653102098       1.0367556060209546
     656.4221480987324640       0.9313618211315169
     656.4223482321548317       1.0899679786555896
     656.4225483655770859       1.0172732138607470
     656.4227484989993400       0.9916663706705359
     656.4229486324215941       0.9727013716507670
     656.4231487658439619       0.9073586084601197
     656.4233488992662160       1.0311546227583821
     656.4235490326884701       0.9245446022704379
     656.4237491661107242       0.9944260876787088
     656.4239492995329783       0.9957559870509268
     656.4241494329553461       1.0511609910537301
     656.4243495663776002       0.9571832976238484
     656.4245496997998544       1.0071236425293169
     656.4247498332221085       1.0028066853477404
     656.4249499666444763       1.0166043601561108
     656.4251501000667304       0.9881787979711685
     656.4253502334889845       1.0234590600988125
     656.4255503669112386       0.9923631586000858
     656.4257505003336064       1.0525226667428664
     656.4259506337558605       0.9843541253291127
     656.4261507671781146       1.0203501060557776
     656.4263509006003687       0.9863890409436334
     656.4265510340227365       0.9503468014276513
     656.4267511674449906       1.0252604242397880
     656.4269513008672448       1.0160568971175450
     656.4271514342894989       0.9992873023721810
     656.4273515677118667       0.9422478079790304
     656.4275517011341208       0.9674611277874448
     656.4277518345563749       1.0884393081066339
     656.4279519679786290       1.0170615073291618
     656.4281521014009968       1.0440759249030285
     656.4283522348232509       1.1161206141113369
     656.4285523682455050       0.9650758467614059
     656.4287525016677591       0.9649532809853150
     656.4289526350901269       0.9371259286999427
     656.4291527685123810       0.9910265319049171
     656.4293529019346352       0.9618280567228668
     656.4295530353568893       0.9448407478630457
     656.4297531687791434       1.0067031942307891
     656.4299533022015112       0.9889788823202214
     656.4301534356237653       1.0806529894471142
     656.4303535690460194       1.0327341780066472
     656.4305537024682735       1.0210904143750654
     656.4307538358906413       0.9463777244091026
     656.4309539693128954       1.0799528881907459
     656.4311541027351495       1.0349774509668346
     656.4313542361574036       1.0421507023274896
     656.4315543695797714       0.9879141310229896
     656.4317545030020256       1.0342276468873024
     656.4319546364242797       0.9827386382967233
     656.4321547698465338       0.9795482084155083
     656.4323549032689016       0.9271598458290100
     656.4325550366911557       1.0284435804933310
     656.4327551701134098       1.0734006091952324
     656.4329553035356639       1.0218353457748890
     656.4331554369580317       0.9527456387877464
     656.4333555703802858       1.0422354377806187
     656.4335557038025399       1.0773305892944336
     656.4337558372247940       1.0129137774929404
     656.4339559706471618       0.9246559217572212
     656.4341561040694160       1.0652290731668472
     656.4343562374916701       0.9436259008944035
     656.4345563709139242       1.0488244257867336
     656.4347565043361783       0.9491540417075157
     656.4349566377585461       0.9864366305992007
     656.4351567711808002       1.0136373070999980
     656.4353569046030543       0.9850580217316747
     656.4355570380253084       1.0540205650031567
     656.4357571714476762       1.0298795998096466
     656.4359573048699303       0.9442702122032642
     656.4361574382921845       0.9998126651917119
     656.4363575717144386       1.0661239922046661
     656.4365577051368064       1.0417622551321983
     656.4367578385590605       1.0407474189996719
     656.4369579719813146       0.9741780366748571
     656.4371581054035687       1.0002896531077567
     656.4373582388259365       0.9615737237036228
     656.4375583722481906       0.9558542035520077
     656.4377585056704447       0.9532018341124058
     656.4379586390926988       0.9410999305546284
     656.4381587725150666       1.0126362191513181
     656.4383589059373207       0.9470704421401024
     656.4385590393595749       0.9931560107506812
     656.4387591727818290       0.9625672064721584
     656.4389593062041968       1.0177808795124292
     656.4391594396264509       0.9955860748887062
     656.4393595730487050       0.9598849490284920
     656.4395597064709591       1.0060252803377807
     656.4397598398933269       1.0472883023321629
     656.4399599733155810       1.0446707010269165
     656.4401601067378351       0.9993167781503871
     656.4403602401600892       1.0400811545550823
     656.4405603735823433       0.9861279586330056
     656.4407605070047111       1.0445005707442760
     656.4409606404269653       1.0224598832428455
     656.4411607738492194       1.0501315072178841
     656.4413609072714735       1.0728070735931396
     656.4415610406938413       1.0330343507230282
     656.4417611741160954       0.9142293408513069
     656.4419613075383495       1.0136058051139116
     656.4421614409606036       0.9640231169760227
     656.4423615743829714       1.0075885425321758
     656.4425617078052255       1.0656526833772659
     656.4427618412274796       1.0021069294307381
     656.4429619746497337       0.9697713218629360
     656.4431621080721015       1.0374073237180710
     656.4433622414943557       0.9871862316504121
     656.4435623749166098       0.9665644951164722
     656.4437625083388639       1.0154581209644675
     656.4439626417612317       1.0110320849344134
     656.4441627751834858       0.9754989221692085
     656.4443629086057399       0.9706248398870230
     656.4445630420279940       1.0068795396946371
     656.4447631754503618       0.9979298980906606
     656.4449633088726159       1.0659799799323082
     656.4451634422948700       0.9439317882061005
     656.4453635757171241       0.9606966711580753
     656.4455637091393783       0.9776252191513777
     656.4457638425617461       1.0302399937063456
     656.4459639759840002       1.0783851817250252
     656.4461641094062543       0.9811321739107370
     656.4463642428285084       0.9701632205396891
     656.4465643762508762       1.0913388654589653
     656.4467645096731303       1.0116532808169723
     656.4469646430953844       1.0175704434514046
     656.4471647765176385       1.0428771264851093
     656.4473649099400063       0.9886179333552718
     656.4475650433622604       0.9505174197256565
     656.4477651767845146       0.9525918439030647
     656.4479653102067687       1.0127121629193425
     656.4481654436291365       0.9547548331320286
     656.4483655770513906       0.9920411761850119
     656.4485657104736447       0.9885414736345410
     656.4487658438958988       0.9748347904533148
     656.4489659773182666       1.0178073197603226
     656.4491661107405207       1.0197219923138618
     656.4493662441627748       1.0340737812221050
     656.4495663775850289       1.0964768528938293
     656.4497665110073967       1.0557977557182312
     656.4499666444296508       1.0068246633745730
     656.4501667778519050       1.0597219727933407
     656.4503669112741591       0.9798678345978260
     656.4505670446965269       0.9688738528639078
     656.4507671781187810       0.8902816176414490
     656.4509673115410351       1.0637628734111786
     656.4511674449632892       0.9786927048116922
     656.4513675783855433       1.0309564769268036
     656.4515677118079111       1.0451440922915936
     656.4517678452301652       1.0375115498900414
     656.4519679786524193       0.9972316122148186
     656.4521681120746734       0.9923092699609697
     656.4523682454970412       0.9113597050309181
     656.4525683789192954       1.0273506883531809
     656.4527685123415495       1.0002894571807701
     656.4529686457638036       0.9752247221767902
     656.4531687791861714       0.9866042491048574
     656.4533689126084255       1.0614034496247768
     656.4535690460306796       0.9542625024914742
     656.4537691794529337       0.9006027579307556
     656.4539693128753015       0.9498628862202168
     656.4541694462975556       1.0893881469964981
     656.4543695797198097       0.9784556161612272
     656.4545697131420638       0.9019157439470291
     656.4547698465644316       1.0488459691405296
     656.4549699799866858       0.9496072642505169
     656.4551701134089399       1.0225307233631611
     656.4553702468311940       0.8604902178049088
     656.4555703802535618       0.9601290076971054
     656.4557705136758159       0.9116446822881699
     656.4559706470980700       0.9283140003681183
     656.4561707805203241       1.1132896915078163
     656.4563709139425782       0.9850520743057132
     656.4565710473649460       1.0030103006865829
     656.4567711807872001       1.0134381875395775
     656.4569713142094542       0.9892817493528128
     656.4571714476317084       0.9949172143824399
     656.4573715810540762       1.0198818054050207
     656.4575717144763303       0.9783299509435892
     656.4577718478985844       1.0187957249581814
     656.4579719813208385       1.0620457716286182
     656.4581721147432063       1.0269138365983963
     656.4583722481654604       0.9239888638257980
     656.4585723815877145       0.9479609169065952
     656.4587725150099686       0.9821307938545942
     656.4589726484323364       1.0329547449946404
     656.4591727818545905       0.9362322837114334
     656.4593729152768447       0.9597760327160358
     656.4595730486990988       0.9804477244615555
     656.4597731821214666       0.9723052047193050
     656.4599733155437207       1.0057044136337936
     656.4601734489659748       0.9830761160701513
     656.4603735823882289       0.9285552278161049
     656.4605737158105967       0.9331568032503128
     656.4607738492328508       1.0089408624917269
     656.4609739826551049       1.0670390874147415
     656.4611741160773590       0.8917880505323410
     656.4613742494997268       1.0163999106734991
     656.4615743829219809       0.9622153230011463
     656.4617745163442351       0.9916631076484919
     656.4619746497664892       1.0613631904125214
     656.4621747831887433       1.0318363010883331
     656.4623749166111111       0.9301787987351418
     656.4625750500333652       0.9950894387438893
     656.4627751834556193       1.0342982076108456
     656.4629753168778734       0.9857554063200951
     656.4631754503002412       1.0302743613719940
     656.4633755837224953       0.9900757996365428
     656.4635757171447494       0.9852559119462967
     656.4637758505670035       0.9797942880541086
     656.4639759839893713       0.9571338482201099
     656.4641761174116255       0.9692063648253679
     656.4643762508338796       1.0246700681746006
     656.4645763842561337       0.9566173441708088
     656.4647765176785015       0.9887949842959642
     656.4649766511007556       0.9506890065968037
     656.4651767845230097       0.9424129463732243
     656.4653769179452638       0.9541772156953812
     656.4655770513676316       0.9678008779883385
     656.4657771847898857       0.9695918913930655
     656.4659773182121398       1.0653252452611923
     656.4661774516343939       0.9522500522434711
     656.4663775850567617       1.0086595071479678
     656.4665777184790159       1.0346880182623863
     656.4667778519012700       0.9568383209407330
     656.4669779853235241       0.9551004953682423
     656.4671781187458919       0.9986289106309414
     656.4673782521681460       0.9475287124514580
     656.4675783855904001       0.9022483974695206
     656.4677785190126542       0.9945787549950182
     656.4679786524349083       1.0323174707591534
     656.4681787858572761       0.9430676102638245
     656.4683789192795302       0.9328601807355881
     656.4685790527017843       0.9952700356952846
     656.4687791861240385       0.9970406757201999
     656.4689793195464063       0.9628796689212322
     656.4691794529686604       0.9721140377223492
     656.4693795863909145       0.9929383643902838
     656.4695797198131686       1.0083008026704192
     656.4697798532355364       0.9547182507812977
     656.4699799866577905       0.9257118478417397
     656.4701801200800446       1.0351567678153515
     656.4703802535022987       1.0610788576304913
     656.4705803869246665       1.0135027645155787
     656.4707805203469206       0.9657514728605747
     656.4709806537691748       1.0345893725752831
     656.4711807871914289       0.9806066211313009
     656.4713809206137967       1.0598706416785717
     656.4715810540360508       0.9758423734456301
     656.4717811874583049       0.9916718313470483
     656.4719813208805590       0.8894238471984863
     656.4721814543029268       1.0201856885105371
     656.4723815877251809       0.9949645055457950
     656.4725817211474350       1.0206770431250334
     656.4727818545696891       0.8611046820878983
     656.4729819879919432       1.0886410102248192
     656.4731821214143110       1.0018090436933562
     656.4733822548365652       1.0780045017600060
     656.4735823882588193       0.9916429687291384
     656.4737825216810734       1.0667984709143639
     656.4739826551034412       1.0404551327228546
     656.4741827885256953       0.9101079851388931
     656.4743829219479494       1.1252011060714722
     656.4745830553702035       1.0487719438970089
     656.4747831887925713       0.9934044955298305
     656.4749833222148254       1.0588139295578003
     656.4751834556370795       0.9803259894251823
     656.4753835890593336       0.9589105285704136
     656.4755837224817014       1.0101346643641591
     656.4757838559039556       0.8856232613325119
     656.4759839893262097       0.9163080826401711
     656.4761841227484638       0.9069519266486168
     656.4763842561708316       1.0340194031596184
     656.4765843895930857       0.9975438863039017
     656.4767845230153398       1.0760092586278915
     656.4769846564375939       0.9651933722198009
     656.4771847898599617       1.0348951928317547
     656.4773849232822158       1.0581272803246975
     656.4775850567044699       0.9390135817229748
     656.4777851901267240       0.9808405470103025
     656.4779853235490918       1.0607466176152229
     656.4781854569713460       1.0440753549337387
     656.4783855903936001       0.9966551847755909
     656.4785857238158542       0.9265578985214233
     656.4787858572381083       0.9935344322584569
     656.4789859906604761       0.9345297217369080
     656.4791861240827302       1.0310485865920782
     656.4793862575049843       1.0507641211152077
     656.4795863909272384       1.0542662739753723
     656.4797865243496062       1.0363389365375042
     656.4799866577718603       0.9836937170475721
     656.4801867911941144       1.0413884036242962
     656.4803869246163686       0.9752830360084772
     656.4805870580387364       0.9597586914896965
     656.4807871914609905       1.0192951615899801
     656.4809873248832446       0.9918662318959832
     656.4811874583054987       0.9656535200774670
     656.4813875917278665       0.9844909980893135
     656.4815877251501206       0.9453891217708588
     656.4817878585723747       1.0132863176986575
     656.4819879919946288       0.9626030810177326
     656.4821881254169966       0.9382557198405266
     656.4823882588392507       1.0474983565509319
     656.4825883922615049       0.9775726255029440
     656.4827885256837590       1.0069298348389566
     656.4829886591061268       1.0028999256901443
     656.4831887925283809       1.0979612469673157
     656.4833889259506350       0.9967433202546090
     656.4835890593728891       1.0127371568232775
     656.4837891927951432       0.9941446268931031
     656.4839893262175110       1.0155607927590609
     656.4841894596397651       0.9846395831555128
     656.4843895930620192       0.9807411413639784
     656.4845897264842733       0.9686507321894169
     656.4847898599066411       1.0431371778249741
     656.4849899933288953       1.0397924892604351
     656.4851901267511494       0.9751616735011339
     656.4853902601734035       1.0766104981303215
     656.4855903935957713       1.0040607913397253
     656.4857905270180254       1.0696596652269363
     656.4859906604402795       1.0158995594829321
     656.4861907938625336       1.0046924143098295
     656.4863909272849014       0.9772998094558716
     656.4865910607071555       1.0567830502986908
     656.4867911941294096       1.1238441094756126
     656.4869913275516637       0.9395343996584415
     656.4871914609740315       0.9690530300140381
     656.4873915943962857       1.0838287994265556
     656.4875917278185398       0.9742547478526831
     656.4877918612407939       1.0780429095029831
     656.4879919946631617       0.9626261033117771
     656.4881921280854158       1.0784572362899780
     656.4883922615076699       0.8982455581426620
     656.4885923949299240       1.0510021112859249
     656.4887925283522918       0.9606452584266663
     656.4889926617745459       0.9786968473345041
     656.4891927951968000       0.9348584786057472
     656.4893929286190541       0.9787524212151766
     656.4895930620413083       0.9309137016534805
     656.4897931954636761       0.9567120708525181
     656.4899933288859302       0.9262548610568047
     656.4901934623081843       0.9170160070061684
     656.4903935957304384       0.9784289635717869
     656.4905937291528062       1.0016723735025153
     656.4907938625750603       1.0293960776180029
     656.4909939959973144       0.9330194294452667
     656.4911941294195685       1.0616274587810040
     656.4913942628419363       0.9631603099405766
     656.4915943962641904       1.0544103570282459
     656.4917945296864445       1.1057283878326416
     656.4919946631086987       1.0676459595561028
     656.4921947965310665       1.0123666077852249
     656.4923949299533206       1.0050412262789905
     656.4925950633755747       1.0122925015166402
     656.4927951967978288       1.0622350350022316
     656.4929953302201966       1.0901717767119408
     656.4931954636424507       0.9454876706004143
     656.4933955970647048       0.9156960025429726
     656.4935957304869589       0.9814161527901888
     656.4937958639093267       0.9663807377219200
     656.4939959973315808       0.9602895267307758
     656.4941961307538350       0.8696084618568420
     656.4943962641760891       1.0424544885754585
     656.4945963975983432       0.9821994937956333
     656.4947965310207110       1.0135068688541651
     656.4949966644429651       0.9634938128292561
     656.4951967978652192       1.0764350220561028
     656.4953969312874733       1.0124921416863799
     656.4955970647098411       1.0037040149327368
     656.4957971981320952       0.9433845020830631
     656.4959973315543493       0.9986642089206725
     656.4961974649766034       0.9959695120342076
     656.4963975983989712       0.9436138011515141
     656.4965977318212254       1.0398055873811245
     656.4967978652434795       1.0655836686491966
     656.4969979986657336       1.0034188290592283
     656.4971981320881014       0.9513934589922428
     656.4973982655103555       0.9264768511056900
     656.4975983989326096       0.9789860267192125
     656.4977985323548637       1.0557329617440701
     656.4979986657772315       0.9654041379690170
     656.4981987991994856       1.0464049279689789
     656.4983989326217397       0.9327810257673264
     656.4985990660439938       1.0389154851436615
     656.4987991994663616       0.9987320216605440
     656.4989993328886158       0.9121434465050697
     656.4991994663108699       0.9609262831509113
     656.4993995997331240       1.0852063819766045
     656.4995997331554918       0.9420868642628193
     656.4997998665777459       0.9505741931498051
     656.5000000000000000       0.9273830130696297

