     656.2000000000000455       0.9749065544456244
     656.2002001334222996       1.0135708246380091
     656.2004002668445537       0.9193203523755074
     656.2006004002669215       0.9394606985151768
     656.2008005336891756       0.9955234327353537
     656.2010006671114297       0.9981046298053116
     656.2012008005336838       1.0558202676475048
     656.2014009339560516       0.9777853582054377
     656.2016010673783057       1.0533996000885963
     656.2018012008005599       0.9799155313521624
     656.2020013342228140       1.0621974356472492
     656.2022014676451818       0.9980388861149549
     656.2024016010674359       0.9687890522181988
     656.2026017344896900       0.9823431968688965
     656.2028018679119441       0.9479407593607903
     656.2030020013343119       1.0037514348514378
     656.2032021347565660       0.9210244715213776
     656.2034022681788201       0.9810816589742899
     656.2036024016010742       0.9739607963711023
     656.2038025350234420       0.9825821463018656
     656.2040026684456961       1.0288146715611219
     656.2042028018679503       1.0530741401016712
     656.2044029352902044       0.9814896434545517
     656.2046030687125722       0.9506843574345112
     656.2048032021348263       0.9459843821823597
     656.2050033355570804       1.0072211958467960
     656.2052034689793345       1.0195182543247938
     656.2054036024017023       0.9841264653950930
     656.2056037358239564       1.0157842095941305
     656.2058038692462105       1.0319659449160099
     656.2060040026684646       1.0501471869647503
     656.2062041360907187       0.9433647729456425
     656.2064042695130865       0.9724383801221848
     656.2066044029353407       1.0235419664531946
     656.2068045363575948       1.0193468928337097
     656.2070046697798489       1.0255818422883749
     656.2072048032022167       0.9484070762991905
     656.2074049366244708       1.0388273186981678
     656.2076050700467249       1.0432963594794273
     656.2078052034689790       0.9722722042351961
     656.2080053368913468       1.0745641291141510
     656.2082054703136009       1.0893768146634102
     656.2084056037358550       1.0606707446277142
     656.2086057371581092       1.0136023629456758
     656.2088058705804769       0.9596408195793629
     656.2090060040027311       0.9099368005990982
     656.2092061374249852       1.0274007674306631
     656.2094062708472393       1.0102109564468265
     656.2096064042696071       1.0650334656238556
     656.2098065376918612       0.9849733533337712
     656.2100066711141153       1.0600213482975960
     656.2102068045363694       0.9990470526390709
     656.2104069379587372       0.9434544257819653
     656.2106070713809913       1.0165979843586683
     656.2108072048032454       0.9848936023190618
     656.2110073382254996       0.9868248412385583
     656.2112074716477537       0.9614591822028160
     656.2114076050701215       0.9442092776298523
     656.2116077384923756       0.9267067983746529
     656.2118078719146297       0.9221285134553909
     656.2120080053368838       0.9996918016404379
     656.2122081387592516       0.9339457005262375
     656.2124082721815057       1.0317278131842613
     656.2126084056037598       1.0767407938838005
     656.2128085390260139       1.0412579737603664
     656.2130086724483817       1.0468525737524033
     656.2132088058706358       0.9912955434992909
     656.2134089392928900       0.9774043150246143
     656.2136090727151441       1.0086793713271618
     656.2138092061375119       1.0185594093054533
     656.2140093395597660       0.9331789761781693
     656.2142094729820201       1.0464358925819397
     656.2144096064042742       0.9716164171695709
     656.2146097398266420       1.0181712303310633
     656.2148098732488961       1.0406956262886524
     656.2150100066711502       0.9807451181113720
     656.2152101400934043       0.9878566237166524
     656.2154102735157721       0.9715054631233215
     656.2156104069380262       0.9916516412049532
     656.2158105403602804       0.9354818835854530
     656.2160106737825345       0.8941489905118942
     656.2162108072049023       0.9512547999620438
     656.2164109406271564       1.1162684708833694
     656.2166110740494105       0.9841743875294924
     656.2168112074716646       1.0019320162246004
     656.2170113408939187       0.9682477936148643
     656.2172114743162865       1.0524158664047718
     656.2174116077385406       0.8993108347058296
     656.2176117411607947       1.0212800316512585
     656.2178118745830488       1.0245964843779802
     656.2180120080054166       0.9988905783975497
     656.2182121414276708       1.0453413017094135
     656.2184122748499249       0.9866171032190323
     656.2186124082721790       1.0028415401466191
     656.2188125416945468       1.0299581382423639
     656.2190126751168009       1.0342879109084606
     656.2192128085390550       1.0763019546866417
     656.2194129419613091       0.9703104607760906
     656.2196130753836769       0.9762792605906725
     656.2198132088059310       0.9495770856738091
     656.2200133422281851       1.0466945730149746
     656.2202134756504392       1.0227192696183920
     656.2204136090728070       0.9865194046869874
     656.2206137424950612       0.8817279934883118
     656.2208138759173153       0.9943388625979424
     656.2210140093395694       0.9681739583611488
     656.2212141427619372       0.9981906343018636
     656.2214142761841913       1.0018059194553643
     656.2216144096064454       1.0092414310202003
     656.2218145430286995       0.9952606605365872
     656.2220146764509536       1.1092069521546364
     656.2222148098733214       0.9745015110820532
     656.2224149432955755       0.9680172912776470
     656.2226150767178297       1.0929850861430168
     656.2228152101400838       0.9624255336821079
     656.2230153435624516       1.0179498568177223
     656.2232154769847057       1.0050044800154865
     656.2234156104069598       1.0171326044946909
     656.2236157438292139       1.0464468337595463
     656.2238158772515817       1.0251728836447001
     656.2240160106738358       0.9488024227321148
     656.2242161440960899       1.0070217722095549
     656.2244162775183440       0.9318856075406075
     656.2246164109407118       0.9869562191888690
     656.2248165443629659       0.8563868701457977
     656.2250166777852201       1.0859044417738914
     656.2252168112074742       1.0629199668765068
     656.2254169446298420       1.0489551164209843
     656.2256170780520961       1.0329648815095425
     656.2258172114743502       1.0442808195948601
     656.2260173448966043       1.0031468090601265
     656.2262174783189721       1.0699130669236183
     656.2264176117412262       1.1168519631028175
     656.2266177451634803       1.0331461168825626
     656.2268178785857344       0.9795970711857080
     656.2270180120081022       0.9024187475442886
     656.2272181454303563       1.0043238447979093
     656.2274182788526105       0.9910962162539363
     656.2276184122748646       1.0045320917852223
     656.2278185456971187       1.0044983546249568
     656.2280186791194865       1.0087650576606393
     656.2282188125417406       0.9945580805651844
     656.2284189459639947       1.0358739309012890
     656.2286190793862488       1.0037895664572716
     656.2288192128086166       0.9639171101152897
     656.2290193462308707       0.9984021197305992
     656.2292194796531248       1.0343856625258923
     656.2294196130753789       0.9559026882052422
     656.2296197464977467       0.9961796398274601
     656.2298198799200009       0.9921459266915917
     656.2300200133422550       0.9777786657214165
     656.2302201467645091       0.9525331184267998
     656.2304202801868769       0.9410112686455250
     656.2306204136091310       1.0403207503259182
     656.2308205470313851       1.0310220401734114
     656.2310206804536392       0.9846641123294830
     656.2312208138760070       0.9345759823918343
     656.2314209472982611       1.0110524101182818
     656.2316210807205152       0.9939234666526318
     656.2318212141427693       0.9553099162876606
     656.2320213475651371       0.9728892836719751
     656.2322214809873913       0.9688032474368811
     656.2324216144096454       0.9487771093845367
     656.2326217478318995       1.0136686265468597
     656.2328218812541536       0.9294314607977867
     656.2330220146765214       1.0347516350448132
     656.2332221480987755       0.9461845047771931
     656.2334222815210296       0.9417345449328423
     656.2336224149432837       1.0045169801451266
     656.2338225483656515       0.9840672295540571
     656.2340226817879056       1.0678039267659187
     656.2342228152101598       0.9635296203196049
     656.2344229486324139       1.0278324130922556
     656.2346230820547817       1.0272194184362888
     656.2348232154770358       1.1207087785005569
     656.2350233488992899       0.9862843677401543
     656.2352234823215440       0.9072182253003120
     656.2354236157439118       1.0001531931193313
     656.2356237491661659       1.0651690512895584
     656.2358238825884200       1.0123584419488907
     656.2360240160106741       0.9369449093937874
     656.2362241494330419       0.9783291965723038
     656.2364242828552960       1.0787049755454063
     656.2366244162775502       1.1058292761445045
     656.2368245496998043       0.9023174121975899
     656.2370246831221721       1.0017914742929861
     656.2372248165444262       0.9010065197944641
     656.2374249499666803       1.0165223199874163
     656.2376250833889344       1.0541144385933876
     656.2378252168113022       1.0002421106037218
     656.2380253502335563       1.0590017512440681
     656.2382254836558104       1.0196286290884018
     656.2384256170780645       1.0260280203074217
     656.2386257505003186       0.9792161807417870
     656.2388258839226864       1.0316636748611927
     656.2390260173449406       1.0760881453752518
     656.2392261507671947       1.0627045556902885
     656.2394262841894488       1.0053769699297845
     656.2396264176118166       0.9705435428768396
     656.2398265510340707       1.0691673681139946
     656.2400266844563248       0.9187874868512154
     656.2402268178785789       1.0657396391034126
     656.2404269513009467       0.9943353189155459
     656.2406270847232008       0.9616872109472752
     656.2408272181454549       0.8886581659317017
     656.2410273515677090       1.1151553317904472
     656.2412274849900768       0.9622769393026829
     656.2414276184123310       1.0149831194430590
     656.2416277518345851       0.9638968892395496
     656.2418278852568392       1.0092308614403009
     656.2420280186792070       1.0309413615614176
     656.2422281521014611       0.9569960236549377
     656.2424282855237152       0.9356428235769272
     656.2426284189459693       0.9264341145753860
     656.2428285523683371       0.9383769817650318
     656.2430286857905912       0.9983967840671539
     656.2432288192128453       0.9620472155511379
     656.2434289526350994       1.0772238746285439
     656.2436290860574672       0.9340914264321327
     656.2438292194797214       1.0273361261934042
     656.2440293529019755       0.9482971914112568
     656.2442294863242296       1.0341383181512356
     656.2444296197464837       1.0196391008794308
     656.2446297531688515       0.9792704023420811
     656.2448298865911056       1.0041744220070541
     656.2450300200133597       0.9789610225707293
     656.2452301534356138       0.9446956515312195
     656.2454302868579816       0.9706506542861462
     656.2456304202802357       0.9746127631515265
     656.2458305537024899       1.0472942255437374
     656.2460306871247440       1.1026064530014992
     656.2462308205471118       1.0062749744392931
     656.2464309539693659       0.9991450364468619
     656.2466310873916200       1.1024697422981262
     656.2468312208138741       1.0148532632738352
     656.2470313542362419       0.9355522021651268
     656.2472314876584960       0.9063837602734566
     656.2474316210807501       0.9465683996677399
     656.2476317545030042       0.9719031900167465
     656.2478318879253720       1.0732586011290550
     656.2480320213476261       1.0065752565860748
     656.2482321547698803       0.9664400182664394
     656.2484322881921344       0.9719268083572388
     656.2486324216145022       0.9584406688809395
     656.2488325550367563       0.9262190237641335
     656.2490326884590104       0.9411608390510082
     656.2492328218812645       1.0067373090423644
     656.2494329553035186       1.0293659903109074
     656.2496330887258864       1.0038591430056840
     656.2498332221481405       1.0136190298944712
     656.2500333555703946       1.0197644289582968
     656.2502334889926487       1.0600487850606441
     656.2504336224150165       1.0741591975092888
     656.2506337558372707       0.9750141352415085
     656.2508338892595248       0.9949917416088283
     656.2510340226817789       0.9719073474407196
     656.2512341561041467       1.0239662453532219
     656.2514342895264008       0.9288007467985153
     656.2516344229486549       0.9463739804923534
     656.2518345563709090       0.9668378718197346
     656.2520346897932768       1.0561403334140778
     656.2522348232155309       0.9459977336227894
     656.2524349566377850       1.0381336100399494
     656.2526350900600391       1.0143511239439249
     656.2528352234824069       0.9805856496095657
     656.2530353569046611       1.0654824152588844
     656.2532354903269152       1.1052468419075012
     656.2534356237491693       0.9905882310122252
     656.2536357571715371       0.9525742679834366
     656.2538358905937912       1.0376720614731312
     656.2540360240160453       1.0461935065686703
     656.2542361574382994       1.0242262091487646
     656.2544362908606672       0.9796256367117167
     656.2546364242829213       0.9999824160368007
     656.2548365577051754       0.9987098048441112
     656.2550366911274295       0.9339828640222549
     656.2552368245496837       1.0530324168503284
     656.2554369579720515       1.0111427875235677
     656.2556370913943056       1.0047451853752136
     656.2558372248165597       1.0229790937155485
     656.2560373582388138       0.9412428624927998
     656.2562374916611816       0.9423776604235172
     656.2564376250834357       1.0587541647255421
     656.2566377585056898       1.0086409496143460
     656.2568378919279439       0.9829337187111378
     656.2570380253503117       1.0374325551092625
     656.2572381587725658       0.9366600587964058
     656.2574382921948200       1.0377282164990902
     656.2576384256170741       1.0151538774371147
     656.2578385590394419       1.0756108909845352
     656.2580386924616960       1.0428227223455906
     656.2582388258839501       0.9593069925904274
     656.2584389593062042       0.9933460331521928
     656.2586390927285720       1.0227137114852667
     656.2588392261508261       0.9458014592528343
     656.2590393595730802       1.0351387970149517
     656.2592394929953343       1.0094201248139143
     656.2594396264177021       1.0355760417878628
     656.2596397598399562       1.0033484466839582
     656.2598398932622104       1.0899735167622566
     656.2600400266844645       1.0200419891625643
     656.2602401601067186       0.9400461725890636
     656.2604402935290864       1.0805334150791168
     656.2606404269513405       1.0896435901522636
     656.2608405603735946       0.9418484009802341
     656.2610406937958487       1.0584946759045124
     656.2612408272182165       1.0514006912708282
     656.2614409606404706       0.9348737299442291
     656.2616410940627247       0.9977150002960116
     656.2618412274849788       0.9918948635458946
     656.2620413609073466       1.0202158242464066
     656.2622414943296008       1.0020425592083484
     656.2624416277518549       0.8910106793045998
     656.2626417611741090       1.0425890795886517
     656.2628418945964768       0.9884854396805167
     656.2630420280187309       1.0241869371384382
     656.2632421614409850       0.9598064161837101
     656.2634422948632391       0.9232423752546310
     656.2636424282856069       1.0659634992480278
     656.2638425617078610       1.0392585657536983
     656.2640426951301151       1.0508802495896816
     656.2642428285523692       0.9674163199961185
     656.2644429619747370       0.9323476925492287
     656.2646430953969912       1.0301859956234694
     656.2648432288192453       1.0330450423061848
     656.2650433622414994       1.0008577014668845
     656.2652434956638672       0.9557077847421169
     656.2654436290861213       1.0221869517117739
     656.2656437625083754       1.0035753261763602
     656.2658438959306295       1.0829766467213631
     656.2660440293528836       1.0318325571715832
     656.2662441627752514       1.0096042947843671
     656.2664442961975055       0.9398516602814198
     656.2666444296197596       0.9856183007359505
     656.2668445630420138       0.9849167615175247
     656.2670446964643816       0.9029103368520737
     656.2672448298866357       0.9892023429274559
     656.2674449633088898       1.0158321559429169
     656.2676450967311439       1.0281351301819086
     656.2678452301535117       1.0175387170165777
     656.2680453635757658       0.9463238641619682
     656.2682454969980199       0.9136024713516235
     656.2684456304202740       0.9357087686657906
     656.2686457638426418       1.0399673581123352
     656.2688458972648959       1.0083207255229354
     656.2690460306871501       0.9882744709029794
     656.2692461641094042       0.9195507317781448
     656.2694462975317720       1.0127700073644519
     656.2696464309540261       0.8779854848980904
     656.2698465643762802       0.9921550741419196
     656.2700466977985343       0.9914845265448093
     656.2702468312209021       1.0715921893715858
     656.2704469646431562       1.0047539104707539
     656.2706470980654103       1.0008670952520333
     656.2708472314876644       0.9819191601127386
     656.2710473649099185       1.0267286654561758
     656.2712474983322863       0.9929523919709027
     656.2714476317545405       1.0206967964768410
     656.2716477651767946       0.9778524208813906
     656.2718478985990487       0.9612995833158493
     656.2720480320214165       1.0101679805666208
     656.2722481654436706       1.0262415353208780
     656.2724482988659247       1.0036497835535556
     656.2726484322881788       0.8892668932676315
     656.2728485657105466       1.0135266454890370
     656.2730486991328007       1.1293025463819504
     656.2732488325550548       0.9523929469287395
     656.2734489659773089       0.9632815383374691
     656.2736490993996767       0.9595106244087219
     656.2738492328219309       1.0276323687285185
     656.2740493662441850       1.0402966029942036
     656.2742494996664391       0.9972345177084208
     656.2744496330888069       0.9651530943810940
     656.2746497665110610       1.0308072548359632
     656.2748498999333151       0.9219878837466240
     656.2750500333555692       0.9992979306844063
     656.2752501667779370       1.0090433610603213
     656.2754503002001911       1.0241324305534363
     656.2756504336224452       1.0122497072443366
     656.2758505670446993       0.9854052271693945
     656.2760507004670671       0.9691371880471706
     656.2762508338893213       1.0227505322545767
     656.2764509673115754       0.9894667100161314
     656.2766511007338295       1.0669479891657829
     656.2768512341560836       1.1151129603385925
     656.2770513675784514       1.0033855556976050
     656.2772515010007055       1.0023557252716273
     656.2774516344229596       1.0046567413955927
     656.2776517678452137       0.9632657915353775
     656.2778519012675815       1.0210874360054731
     656.2780520346898356       0.9248671233654022
     656.2782521681120897       0.9770392347127199
     656.2784523015343439       1.0553743019700050
     656.2786524349567117       1.0240226332098246
     656.2788525683789658       0.9350602552294731
     656.2790527018012199       1.0592203512787819
     656.2792528352234740       1.0076514403335750
     656.2794529686458418       1.0614199414849281
     656.2796531020680959       0.9732100162655115
     656.2798532354903500       0.9867838723585010
     656.2800533689126041       1.0219355411827564
     656.2802535023349719       0.9884068900719285
     656.2804536357572260       0.9765530992299318
     656.2806537691794802       0.9781967736780643
     656.2808539026017343       0.9834191817790270
     656.2810540360241021       1.0731531754136086
     656.2812541694463562       0.9795491974800825
     656.2814543028686103       0.9299015700817108
     656.2816544362908644       1.0243248343467712
     656.2818545697131185       0.9781289435923100
     656.2820547031354863       0.9715877883136272
     656.2822548365577404       1.1353437602519989
     656.2824549699799945       0.9519891329109669
     656.2826551034022486       0.9430484212934971
     656.2828552368246164       1.0154679343104362
     656.2830553702468706       1.1290954500436783
     656.2832555036691247       1.0283220242708921
     656.2834556370913788       1.0674471929669380
     656.2836557705137466       0.9341128543019295
     656.2838559039360007       1.0319545418024063
     656.2840560373582548       0.9852728275582194
     656.2842561707805089       0.9441591612994671
     656.2844563042028767       1.0569451227784157
     656.2846564376251308       0.9924792898818851
     656.2848565710473849       1.0565297305583954
     656.2850567044696390       1.0536849312484264
     656.2852568378920068       0.9565412551164627
     656.2854569713142610       1.0137848174199462
     656.2856571047365151       1.0027448209002614
     656.2858572381587692       0.9242319092154503
     656.2860573715811370       1.0185781754553318
     656.2862575050033911       1.0064183208160102
     656.2864576384256452       1.0435747765004635
     656.2866577718478993       1.0114281913265586
     656.2868579052702671       0.9756505805999041
     656.2870580386925212       0.9992477358900942
     656.2872581721147753       1.1156496778130531
     656.2874583055370294       1.0332796983420849
     656.2876584389592836       0.9144300147891045
     656.2878585723816514       0.9766031540930271
     656.2880587058039055       1.0499128662049770
     656.2882588392261596       0.9748843219131231
     656.2884589726484137       1.0121293775737286
     656.2886591060707815       1.0268192440271378
     656.2888592394930356       0.9666498117148876
     656.2890593729152897       1.0067319907248020
     656.2892595063375438       1.0117513313889503
     656.2894596397599116       1.0532521903514862
     656.2896597731821657       1.0802725851535797
     656.2898599066044198       1.0111572435125709
     656.2900600400266740       1.0287574864923954
     656.2902601734490418       1.0255584418773651
     656.2904603068712959       1.0685540735721588
     656.2906604402935500       0.9450074061751366
     656.2908605737158041       1.0405999682843685
     656.2910607071381719       0.9642323330044746
     656.2912608405604260       0.9736576080322266
     656.2914609739826801       0.9661815799772739
     656.2916611074049342       0.9944800203666091
     656.2918612408273020       1.0003669039288070
     656.2920613742495561       1.0378497801721096
     656.2922615076718103       0.9741325136274099
     656.2924616410940644       0.9269544035196304
     656.2926617745164322       1.0443773046135902
     656.2928619079386863       1.0093969255685806
     656.2930620413609404       1.0539847575128078
     656.2932621747831945       0.9746097438037395
     656.2934623082054486       0.9953276459127665
     656.2936624416278164       1.0386230833828449
     656.2938625750500705       0.9590741954743862
     656.2940627084723246       0.9568871110677719
     656.2942628418945787       0.9478532411158085
     656.2944629753169465       0.9549699984490871
     656.2946631087392007       1.0547164566814899
     656.2948632421614548       0.9074671193957329
     656.2950633755837089       1.0592490136623383
     656.2952635090060767       0.9971649781800807
     656.2954636424283308       1.0892811492085457
     656.2956637758505849       1.0305469166487455
     656.2958639092728390       0.9057956114411354
     656.2960640426952068       1.0209156740456820
     656.2962641761174609       1.0212636198848486
     656.2964643095397150       0.9698945395648479
     656.2966644429619691       1.0152188790962100
     656.2968645763843369       0.9530242905020714
     656.2970647098065911       1.0257167611271143
     656.2972648432288452       1.0322783179581165
     656.2974649766510993       1.0201938357204199
     656.2976651100734671       1.1970280706882477
     656.2978652434957212       0.9429070688784122
     656.2980653769179753       0.9280209019780159
     656.2982655103402294       1.0101445084437728
     656.2984656437624835       1.0761240497231483
     656.2986657771848513       0.9167305603623390
     656.2988659106071054       1.0213713906705379
     656.2990660440293595       1.0308687146753073
     656.2992661774516137       1.0021839065011591
     656.2994663108739815       0.9666833281517029
     656.2996664442962356       0.9370479583740234
     656.2998665777184897       1.0463013313710690
     656.3000667111407438       1.0155699299648404
     656.3002668445631116       0.9304256439208984
     656.3004669779853657       0.9677347876131535
     656.3006671114076198       1.0097885550931096
     656.3008672448298739       0.9523030482232571
     656.3010673782522417       0.9694790896028280
     656.3012675116744958       0.9451064653694630
     656.3014676450967499       0.9790184143930674
     656.3016677785190041       0.9891461776569486
     656.3018679119413719       0.9349415451288223
     656.3020680453636260       1.0523745305836201
     656.3022681787858801       0.9592739343643188
     656.3024683122081342       1.0712227597832680
     656.3026684456305020       0.9996427776641212
     656.3028685790527561       1.0424875877797604
     656.3030687124750102       0.9943301645107567
     656.3032688458972643       0.9667505659162998
     656.3034689793196321       0.9797403793781996
     656.3036691127418862       0.9081238284707069
     656.3038692461641403       1.0174728706479073
     656.3040693795863945       1.0360098741948605
     656.3042695130086486       0.9651629738509655
     656.3044696464310164       1.0138165829703212
     656.3046697798532705       0.9616551548242569
     656.3048699132755246       1.0396057926118374
     656.3050700466977787       1.0090647051110864
     656.3052701801201465       0.9645928777754307
     656.3054703135424006       1.0628230273723602
     656.3056704469646547       1.0084441630169749
     656.3058705803869088       0.9169504493474960
     656.3060707138092766       1.0333031229674816
     656.3062708472315308       0.9626228213310242
     656.3064709806537849       0.9936234042979777
     656.3066711140760390       1.0469624735414982
     656.3068712474984068       0.9147381260991096
     656.3070713809206609       0.9904289143159986
     656.3072715143429150       0.9223197326064110
     656.3074716477651691       1.0388244166970253
     656.3076717811875369       0.9231476783752441
     656.3078719146097910       1.0327102430164814
     656.3080720480320451       0.9984254796290770
     656.3082721814542992       1.0570916607975960
     656.3084723148766670       1.0729472711682320
     656.3086724482989212       0.9909910839051008
     656.3088725817211753       1.0694813281297684
     656.3090727151434294       1.0623948462307453
     656.3092728485656835       0.9483696445822716
     656.3094729819880513       0.9948064354248345
     656.3096731154103054       1.0782113298773766
     656.3098732488325595       1.0636836662888527
     656.3100733822548136       0.9698756299912930
     656.3102735156771814       1.0004762641619891
     656.3104736490994355       1.0694466084241867
     656.3106737825216896       1.0313769057393074
     656.3108739159439438       1.0282489694654942
     656.3110740493663116       1.0178283657878637
     656.3112741827885657       0.9698535706847906
     656.3114743162108198       1.0528156757354736
     656.3116744496330739       1.0472404249012470
     656.3118745830554417       0.9639601148664951
     656.3120747164776958       1.0806246921420097
     656.3122748498999499       0.9266551211476326
     656.3124749833222040       0.9883615812286735
     656.3126751167445718       0.9818074312061071
     656.3128752501668259       1.0345794633030891
     656.3130753835890800       0.9589047692716122
     656.3132755170113342       1.0436754636466503
     656.3134756504337020       1.0252000037580729
     656.3136757838559561       0.9994444951298647
     656.3138759172782102       0.9206354096531868
     656.3140760507004643       1.0351494103670120
     656.3142761841228321       1.0144895035773516
     656.3144763175450862       0.9381310828030109
     656.3146764509673403       1.0381265580654144
     656.3148765843895944       1.0061865416355431
     656.3150767178118485       0.9980868404963985
     656.3152768512342163       0.9514612294733524
     656.3154769846564704       1.0298699177801609
     656.3156771180787246       0.9902515746653080
     656.3158772515009787       0.9987703356891870
     656.3160773849233465       0.9484511353075504
     656.3162775183456006       0.9415746554732323
     656.3164776517678547       1.0139621272683144
     656.3166777851901088       0.9611946977674961
     656.3168779186124766       0.9728847090154886
     656.3170780520347307       1.0342362597584724
     656.3172781854569848       0.9999859879071664
     656.3174783188792389       1.0330715179443359
     656.3176784523016067       0.9866246236488223
     656.3178785857238609       1.1282009482383728
     656.3180787191461150       0.9892695480957627
     656.3182788525683691       0.9665572382509708
     656.3184789859907369       0.9814169667661190
     656.3186791194129910       0.9892875961959362
     656.3188792528352451       1.0146578866988420
     656.3190793862574992       0.9631627649068832
     656.3192795196798670       1.0786318331956863
     656.3194796531021211       1.0845512673258781
     656.3196797865243752       0.9907512487843633
     656.3198799199466293       0.9909435026347637
     656.3200800533688835       1.0490217395126820
     656.3202801867912513       0.9531786628067493
     656.3204803202135054       0.9300943389534950
     656.3206804536357595       0.9190383478999138
     656.3208805870580136       1.0396019294857979
     656.3210807204803814       0.9679272510111332
     656.3212808539026355       0.9196881502866745
     656.3214809873248896       0.9696806129068136
     656.3216811207471437       1.0489595942199230
     656.3218812541695115       0.9933053790591657
     656.3220813875917656       0.9444252252578735
     656.3222815210140197       1.0441755279898643
     656.3224816544362739       1.0739608108997345
     656.3226817878586417       1.0938783511519432
     656.3228819212808958       0.9964962962549180
     656.3230820547031499       1.0819596499204636
     656.3232821881254040       0.9717713147401810
     656.3234823215477718       0.9931082455441356
     656.3236824549700259       0.9651325531303883
     656.3238825883922800       1.0642580240964890
     656.3240827218145341       0.9943554438650608
     656.3242828552369019       0.9995470388385002
     656.3244829886591560       0.9660583995282650
     656.3246831220814101       0.8866008371114731
     656.3248832555036643       1.0228050127625465
     656.3250833889260321       1.0484885387122631
     656.3252835223482862       0.9861269146203995
     656.3254836557705403       0.9589323513209820
     656.3256837891927944       0.9698629323393106
     656.3258839226150485       1.0622619278728962
     656.3260840560374163       0.9933285941369832
     656.3262841894596704       0.9727818313986063
     656.3264843228819245       1.0412962511181831
     656.3266844563041786       1.0351990871131420
     656.3268845897265464       0.9930872372351587
     656.3270847231488005       1.0137098897248507
     656.3272848565710547       0.9797019138932228
     656.3274849899933088       0.9626352116465569
     656.3276851234156766       0.9995626304589678
     656.3278852568379307       1.0195483881980181
     656.3280853902601848       1.0402221716940403
     656.3282855236824389       0.9699472934007645
     656.3284856571048067       0.9394369013607502
     656.3286857905270608       0.9684086851775646
     656.3288859239493149       0.9534540772438049
     656.3290860573715690       0.9186156168580055
     656.3292861907939368       0.9544598348438740
     656.3294863242161910       0.9681915417313576
     656.3296864576384451       0.9354084432125092
     656.3298865910606992       1.0398314408957958
     656.3300867244830670       1.0410160608589649
     656.3302868579053211       0.9650200977921486
     656.3304869913275752       0.9516698680818081
     656.3306871247498293       1.1066344752907753
     656.3308872581721971       1.0984908193349838
     656.3310873915944512       0.9499421417713165
     656.3312875250167053       1.0033874765504152
     656.3314876584389594       1.0629278868436813
     656.3316877918612136       0.9551908858120441
     656.3318879252835814       0.9238953068852425
     656.3320880587058355       0.9817505199462175
     656.3322881921280896       0.9887855388224125
     656.3324883255503437       1.0134874498471618
     656.3326884589727115       1.0262317862361670
     656.3328885923949656       0.9078159853816032
     656.3330887258172197       1.0500451810657978
     656.3332888592394738       1.0619218312203884
     656.3334889926618416       0.9481019265949726
     656.3336891260840957       1.0264804121106863
     656.3338892595063498       0.9431947767734528
     656.3340893929286040       0.9689076486974955
     656.3342895263509718       1.0544134378433228
     656.3344896597732259       1.0549520365893841
     656.3346897931954800       1.0717099905014038
     656.3348899266177341       0.9463149122893810
     656.3350900600401019       1.0333058796823025
     656.3352901934623560       1.1365681886672974
     656.3354903268846101       1.0943145453929901
     656.3356904603068642       1.0645406469702721
     656.3358905937292320       0.9706895444542170
     656.3360907271514861       0.9587215147912502
     656.3362908605737402       1.0327068381011486
     656.3364909939959944       1.0305898822844028
     656.3366911274182485       0.9283654615283012
     656.3368912608406163       0.9820516053587198
     656.3370913942628704       1.0173735003918409
     656.3372915276851245       0.9795387126505375
     656.3374916611073786       1.0870351865887642
     656.3376917945297464       1.0661532804369926
     656.3378919279520005       1.0644737035036087
     656.3380920613742546       0.9189812168478966
     656.3382921947965087       1.0391007997095585
     656.3384923282188765       0.9200094118714333
     656.3386924616411306       1.0368813127279282
     656.3388925950633848       1.0459956042468548
     656.3390927284856389       0.8994282707571983
     656.3392928619080067       1.0127398092299700
     656.3394929953302608       1.0283763017505407
     656.3396931287525149       1.0166927054524422
     656.3398932621747690       1.0060021830722690
     656.3400933955971368       0.8801771625876427
     656.3402935290193909       0.9400731623172760
     656.3404936624416450       1.0207862239331007
     656.3406937958638991       1.0072285518981516
     656.3408939292862669       1.0249257497489452
     656.3410940627085211       0.9507535360753536
     656.3412941961307752       1.0644888803362846
     656.3414943295530293       1.0268281009048223
     656.3416944629753971       1.0310915298759937
     656.3418945963976512       0.9963826257735491
     656.3420947298199053       1.0425563640892506
     656.3422948632421594       0.9208913818001747
     656.3424949966644135       0.9686806425452232
     656.3426951300867813       0.9759916625916958
     656.3428952635090354       0.9488480724394321
     656.3430953969312895       0.9704293068498373
     656.3432955303535437       1.0508872382342815
     656.3434956637759115       1.1218930408358574
     656.3436957971981656       1.0123956426978111
     656.3438959306204197       0.9392065033316612
     656.3440960640426738       0.9518545940518379
     656.3442961974650416       0.9326869919896126
     656.3444963308872957       1.0942228659987450
     656.3446964643095498       1.0612122416496277
     656.3448965977318039       0.9515349045395851
     656.3450967311541717       0.9843472316861153
     656.3452968645764258       1.0584685765206814
     656.3454969979986799       0.8646114617586136
     656.3456971314209341       0.9703576434403658
     656.3458972648433019       1.0696244761347771
     656.3460973982655560       1.0327404364943504
     656.3462975316878101       1.0627152770757675
     656.3464976651100642       1.0136832594871521
     656.3466977985324320       1.0384657196700573
     656.3468979319546861       0.9709075391292572
     656.3470980653769402       1.0516959503293037
     656.3472981987991943       1.0127919986844063
     656.3474983322214484       1.0779270306229591
     656.3476984656438162       0.9922696268185973
     656.3478985990660703       1.0476857237517834
     656.3480987324883245       1.0097668133676052
     656.3482988659105786       0.9847613302990794
     656.3484989993329464       0.9852040465921164
     656.3486991327552005       0.9730472564697266
     656.3488992661774546       0.9682178609073162
     656.3490993995997087       1.0178765803575516
     656.3492995330220765       1.1090572029352188
     656.3494996664443306       0.9917419031262398
     656.3496997998665847       1.0113503923639655
     656.3498999332888388       0.9932049438357353
     656.3501000667112066       1.0014280718751252
     656.3503002001334607       0.9925388148985803
     656.3505003335557149       1.0374732911586761
     656.3507004669779690       1.0108664808794856
     656.3509006004003368       0.9662801846861839
     656.3511007338225909       0.9348687082529068
     656.3513008672448450       1.0136269349604845
     656.3515010006670991       1.1012253090739250
     656.3517011340894669       1.0053282305598259
     656.3519012675117210       0.9543422721326351
     656.3521014009339751       0.8682206422090530
     656.3523015343562292       1.0452691353857517
     656.3525016677785970       0.9654257819056511
     656.3527018012008512       0.9493818208575249
     656.3529019346231053       1.0899661257863045
     656.3531020680453594       0.9402707815170288
     656.3533022014676135       1.0053709992207587
     656.3535023348899813       1.0492794625461102
     656.3537024683122354       0.9603043831884861
     656.3539026017344895       0.9514366276562214
     656.3541027351567436       1.0307178553193808
     656.3543028685791114       1.0290127303451300
     656.3545030020013655       1.0774406716227531
     656.3547031354236196       1.0350900366902351
     656.3549032688458738       0.8906833902001381
     656.3551034022682416       1.0027488849591464
     656.3553035356904957       1.0147694377228618
     656.3555036691127498       0.9731952957808971
     656.3557038025350039       0.9761987142264843
     656.3559039359573717       0.9862052770331502
     656.3561040693796258       1.0100532723590732
     656.3563042028018799       1.0229812152683735
     656.3565043362241340       0.9089908674359322
     656.3567044696465018       1.0247363708913326
     656.3569046030687559       0.9333995133638382
     656.3571047364910100       1.0056609394960105
     656.3573048699132642       1.0198871772736311
     656.3575050033356320       1.0442552082240582
     656.3577051367578861       0.9010430127382278
     656.3579052701801402       0.9659561291337013
     656.3581054036023943       0.9592284895479679
     656.3583055370246484       1.0019990801811218
     656.3585056704470162       1.1185575947165489
     656.3587058038692703       1.0127763217315078
     656.3589059372915244       1.0528191998600960
     656.3591060707137785       1.0351977460086346
     656.3593062041361463       0.9434227757155895
     656.3595063375584004       1.0624518394470215
     656.3597064709806546       0.9582644589245319
     656.3599066044029087       1.0772579386830330
     656.3601067378252765       0.9888362986966966
     656.3603068712475306       1.0627821534872053
     656.3605070046697847       1.0812866911292072
     656.3607071380920388       0.9505950100719924
     656.3609072715144066       1.0991857051849359
     656.3611074049366607       0.9917155802249898
     656.3613075383589148       0.9905704753473387
     656.3615076717811689       1.0639088153839089
     656.3617078052035367       1.0637735947966542
     656.3619079386257908       1.0177100207656573
     656.3621080720480450       1.0362627245485709
     656.3623082054702991       0.9788739997893463
     656.3625083388926669       0.9432617165148097
     656.3627084723149210       0.9127342626452210
     656.3629086057371751       0.9510322138666759
     656.3631087391594292       0.9611520841717210
     656.3633088725817970       1.0426542125641554
     656.3635090060040511       0.9939451427197861
     656.3637091394263052       0.9903681660069436
     656.3639092728485593       1.0188318956641051
     656.3641094062708135       0.9340527802702446
     656.3643095396931813       0.9883811147878743
     656.3645096731154354       0.9727406557642473
     656.3647098065376895       0.9207135587920766
     656.3649099399599436       1.0707293078289131
     656.3651100733823114       0.9977186073063125
     656.3653102068045655       0.9826796632231132
     656.3655103402268196       0.8916763141710112
     656.3657104736490737       0.9752003792614932
     656.3659106070714415       1.0752736329949677
     656.3661107404936956       0.9627036452176697
     656.3663108739159497       1.0259370412513205
     656.3665110073382039       1.0313014834888445
     656.3667111407605717       0.9547305367563657
     656.3669112741828258       0.9524526968146448
     656.3671114076050799       1.1157860308255576
     656.3673115410273340       0.9914423608276380
     656.3675116744497018       0.9773670079834033
     656.3677118078719559       1.0463795064198480
     656.3679119412942100       1.0698755604688404
     656.3681120747164641       1.0698872428917983
     656.3683122081388319       0.9920090209030793
     656.3685123415610860       1.0315882222305097
     656.3687124749833401       1.0953592798842664
     656.3689126084055943       1.0520640563202908
     656.3691127418278484       1.0087742361855010
     656.3693128752502162       0.9864735741019424
     656.3695130086724703       0.9938662876395680
     656.3697131420947244       0.9867628803055148
     656.3699132755169785       1.0235739169222251
     656.3701134089393463       1.0206022771903949
     656.3703135423616004       0.9630133753718532
     656.3705136757838545       0.9611133401453218
     656.3707138092061086       1.0314790891175889
     656.3709139426284764       0.9653970606869561
     656.3711140760507305       1.0638924476430840
     656.3713142094729847       1.0804621049737104
     656.3715143428952388       0.9588623814078682
     656.3717144763176066       0.9677613949684306
     656.3719146097398607       0.9575059780462341
     656.3721147431621148       0.9102813142231139
     656.3723148765843689       0.9787531174157590
     656.3725150100067367       1.0119577260081583
     656.3727151434289908       0.9859497190079352
     656.3729152768512449       1.0502297730312087
     656.3731154102734990       1.0675696340524574
     656.3733155436958668       0.9880481182263647
     656.3735156771181209       1.0287024483640121
     656.3737158105403751       0.9485951080386910
     656.3739159439626292       0.9514080033412475
     656.3741160773849970       1.0381665125732802
     656.3743162108072511       0.9986207924541100
     656.3745163442295052       0.9613895966149077
     656.3747164776517593       0.9959877038061953
     656.3749166110740134       1.0308237039197283
     656.3751167444963812       0.9569187536318342
     656.3753168779186353       1.0102178617716415
     656.3755170113408894       1.0581649652547158
     656.3757171447631436       1.0259877437462239
     656.3759172781855113       1.0315168959097383
     656.3761174116077655       0.9792828598037476
     656.3763175450300196       0.9728304455461471
     656.3765176784522737       1.0372149334355489
     656.3767178118746415       1.0184264235223726
     656.3769179452968956       1.0131062969671252
     656.3771180787191497       0.9232571314062251
     656.3773182121414038       1.0494280601341095
     656.3775183455637716       0.9839402861420777
     656.3777184789860257       0.9296700224043144
     656.3779186124082798       0.9392265112351801
     656.3781187458305340       0.9939407735422388
     656.3783188792529018       1.0552251194033271
     656.3785190126751559       0.9876001981690655
     656.3787191460974100       0.9312745107829797
     656.3789192795196641       0.9283127622186478
     656.3791194129420319       0.9248842414360595
     656.3793195463642860       1.0076846936110342
     656.3795196797865401       0.9874091439331805
     656.3797198132087942       1.0817864283547742
     656.3799199466311620       0.9949454778468116
     656.3801200800534161       0.9857615886471383
     656.3803202134756702       1.0148639873864864
     656.3805203468979244       0.9261834780519113
     656.3807204803201785       1.0488674255560317
     656.3809206137425463       0.9950475804160600
     656.3811207471648004       0.9783072163438069
     656.3813208805870545       1.0463949333463189
     656.3815210140093086       1.0193392504381080
     656.3817211474316764       1.0805023571461527
     656.3819212808539305       0.9781658398048144
     656.3821214142761846       0.9469160513910018
     656.3823215476984387       0.9785448450959924
     656.3825216811208065       1.0140008703864685
     656.3827218145430606       1.0016649615968634
     656.3829219479653148       0.9206687207644109
     656.3831220813875689       1.0187055816429882
     656.3833222148099367       1.0185020721461902
     656.3835223482321908       0.8870284859205531
     656.3837224816544449       0.9523374570889455
     656.3839226150766990       0.9882048316678027
     656.3841227484990668       0.9883455286767908
     656.3843228819213209       1.0030966324475061
     656.3845230153435750       0.9605895816227058
     656.3847231487658291       1.0420128005059914
     656.3849232821881969       0.9542936291380038
     656.3851234156104510       0.9274210663101954
     656.3853235490327052       1.0482111626091017
     656.3855236824549593       0.8710498610568252
     656.3857238158772134       0.9686526686511686
     656.3859239492995812       0.9061115995651112
     656.3861240827218353       0.9346651524459709
     656.3863242161440894       1.0231329471746169
     656.3865243495663435       0.9643931966717391
     656.3867244829887113       0.8982972807185764
     656.3869246164109654       0.9575249711493053
     656.3871247498332195       0.9630151411680291
     656.3873248832554737       0.8171837326905519
     656.3875250166778414       0.8623666411688580
     656.3877251501000956       0.9298867801113613
     656.3879252835223497       0.8879633927123793
     656.3881254169446038       0.9132802906396534
     656.3883255503669716       0.7982470207836557
     656.3885256837892257       0.8124302901914126
     656.3887258172114798       0.9672401247174840
     656.3889259506337339       0.8648769037986483
     656.3891260840561017       0.9154027216075383
     656.3893262174783558       0.9025580754180248
     656.3895263509006099       0.8861228574870401
     656.3897264843228641       0.8212721695452345
     656.3899266177452319       0.7377216900669110
     656.3901267511674860       0.8707977539909612
     656.3903268845897401       0.8147177391410583
     656.3905270180119942       0.8340023763476592
     656.3907271514343620       0.8115648922768433
     656.3909272848566161       0.8753883598844148
     656.3911274182788702       0.8516703490621611
     656.3913275517011243       0.8135501458826391
     656.3915276851233784       0.9131172468824832
     656.3917278185457462       0.8313173952811179
     656.3919279519680003       0.7945194392329034
     656.3921280853902545       0.8687272802603132
     656.3923282188125086       0.8582946025109656
     656.3925283522348764       0.8409244014698178
     656.3927284856571305       0.7393765189015792
     656.3929286190793846       0.7199739572208671
     656.3931287525016387       0.7402471573781469
     656.3933288859240065       0.7783748393762863
     656.3935290193462606       0.8344960350443604
     656.3937291527685147       0.7250826341899379
     656.3939292861907688       0.8054724767966785
     656.3941294196131366       0.7297158918955473
     656.3943295530353907       0.8418979365339370
     656.3945296864576449       0.8349067586627295
     656.3947298198798990       0.8807444366327759
     656.3949299533022668       0.8071860176239928
     656.3951300867245209       0.8246386893103588
     656.3953302201467750       0.8344516308368997
     656.3955303535690291       0.8999936304715687
     656.3957304869913969       0.7349284435051624
     656.3959306204136510       0.8390308799916342
     656.3961307538359051       0.8806729705973377
     656.3963308872581592       0.8089608837642078
     656.3965310206804133       0.9020843780749248
     656.3967311541027811       0.9002972933214146
     656.3969312875250353       0.8123560578198158
     656.3971314209472894       0.8406376074732655
     656.3973315543695435       0.9112815025611165
     656.3975316877919113       0.8004624783440673
     656.3977318212141654       0.9207408893393947
     656.3979319546364195       0.9205744712588060
     656.3981320880586736       0.9355023133530346
     656.3983322214810414       0.9605645181096593
     656.3985323549032955       0.9286832325935673
     656.3987324883255496       0.7992612648388666
     656.3989326217478038       0.8893146712954261
     656.3991327551701715       0.9107631163684106
     656.3993328885924257       0.9214070927416401
     656.3995330220146798       1.0346974556982915
     656.3997331554369339       0.8121762756256276
     656.3999332888593017       0.9411608072684861
     656.4001334222815558       0.9342241490359148
     656.4003335557038099       0.9795829506081772
     656.4005336891260640       0.8807956873364484
     656.4007338225484318       0.9433520922027070
     656.4009339559706859       0.8914661912925387
     656.4011340893929400       0.9716577380486027
     656.4013342228151942       0.9051124983783566
     656.4015343562375620       0.9137350804820273
     656.4017344896598161       0.9329063407054258
     656.4019346230820702       0.9451718526590658
     656.4021347565043243       1.0853152344569568
     656.4023348899265784       0.9635819207112182
     656.4025350233489462       1.0422882556050008
     656.4027351567712003       1.0405009643760490
     656.4029352901934544       0.9143218555203724
     656.4031354236157085       1.0385370486309660
     656.4033355570380763       1.0102629994226215
     656.4035356904603304       1.0575793020529813
     656.4037358238825846       1.0273551131058551
     656.4039359573048387       1.0080635562345759
     656.4041360907272065       1.0201598740758326
     656.4043362241494606       0.9113078153808605
     656.4045363575717147       0.9753409449656064
     656.4047364909939688       0.9510830289880429
     656.4049366244163366       0.9432947102796607
     656.4051367578385907       1.0022231495050615
     656.4053368912608448       0.9694445745376287
     656.4055370246830989       1.0709022945206379
     656.4057371581054667       1.0303315823725498
     656.4059372915277208       0.9953236503181019
     656.4061374249499750       0.9763752188100671
     656.4063375583722291       0.9993757503612239
     656.4065376917945969       0.9783954785040887
     656.4067378252168510       0.9173912484688330
     656.4069379586391051       1.0032698152906327
     656.4071380920613592       1.0290013701368315
     656.4073382254836133       0.9700874553054406
     656.4075383589059811       0.9990961948528898
     656.4077384923282352       0.8913810394491180
     656.4079386257504893       1.0271292522566005
     656.4081387591727434       1.0144971697888590
     656.4083388925951112       1.0587816313976002
     656.4085390260173654       0.9820697819095383
     656.4087391594396195       0.9936612161453712
     656.4089392928618736       0.9668967535819786
     656.4091394262842414       0.9843759874643438
     656.4093395597064955       1.0464641030933834
     656.4095396931287496       0.9309277223126157
     656.4097398265510037       1.0464126436333885
     656.4099399599733715       1.0276516403144469
     656.4101400933956256       0.9524336092455578
     656.4103402268178797       1.0371249970059131
     656.4105403602401339       0.9578122309254650
     656.4107404936625016       0.9393143333591140
     656.4109406270847558       1.0221723018094260
     656.4111407605070099       0.9228616801619787
     656.4113408939292640       1.0618540795529001
     656.4115410273516318       0.9115909460389890
     656.4117411607738859       0.9138168444946742
     656.4119412941961400       0.9921976240677169
     656.4121414276183941       0.9137676105085681
     656.4123415610407619       1.0491338358617872
     656.4125416944630160       0.9630832344444448
     656.4127418278852701       1.0167409421162383
     656.4129419613075243       0.9565761803886546
     656.4131420947297784       1.0524496359956159
     656.4133422281521462       0.9202194740096925
     656.4135423615744003       0.9942881316429690
     656.4137424949966544       1.0284288513563553
     656.4139426284189085       0.9739432383654334
     656.4141427618412763       0.9834991380224603
     656.4143428952635304       0.9975916751976500
     656.4145430286857845       1.0876994444611370
     656.4147431621080386       0.9491760161482213
     656.4149432955304064       0.9253520818950135
     656.4151434289526605       0.9829686397957037
     656.4153435623749147       0.9548220977833702
     656.4155436957971688       0.9749282131063005
     656.4157438292195366       0.9963465915817605
     656.4159439626417907       1.0385790145357927
     656.4161440960640448       0.9868714175239687
     656.4163442294862989       1.0354594032738871
     656.4165443629086667       1.0760693487140416
     656.4167444963309208       0.9124461979971271
     656.4169446297531749       1.0164323241756223
     656.4171447631754290       1.0150366694073729
     656.4173448965977968       0.9531817170010053
     656.4175450300200509       1.0708651585499700
     656.4177451634423051       0.9588978267122809
     656.4179452968645592       1.0059763157205839
     656.4181454302869270       1.0607073778588627
     656.4183455637091811       1.0921284547034591
     656.4185456971314352       1.0135371203200525
     656.4187458305536893       0.9725731550364417
     656.4189459639759434       1.0630813833400756
     656.4191460973983112       1.0264572442648716
     656.4193462308205653       0.9885052738648552
     656.4195463642428194       0.9442657528914796
     656.4197464976650735       1.1241956948228715
     656.4199466310874413       1.0592001154295110
     656.4201467645096955       1.0075074256809429
     656.4203468979319496       0.9000871181115798
     656.4205470313542037       1.0377815216513744
     656.4207471647765715       0.9484833702255474
     656.4209472981988256       1.0679170563682263
     656.4211474316210797       1.0278495978468456
     656.4213475650433338       1.0705436840585818
     656.4215476984657016       1.0572866983664020
     656.4217478318879557       0.9426129981841845
     656.4219479653102098       1.0326224751746924
     656.4221480987324640       1.0119342319650833
     656.4223482321548317       0.9554947838175686
     656.4225483655770859       0.9864119943223308
     656.4227484989993400       0.8917894214386123
     656.4229486324215941       1.0468378290530147
     656.4231487658439619       0.9496401734647456
     656.4233488992662160       1.0591096952555716
     656.4235490326884701       1.0349905788897198
     656.4237491661107242       1.0257261451332889
     656.4239492995329783       1.0342203080653547
     656.4241494329553461       0.9898617994039842
     656.4243495663776002       1.0192007385194022
     656.4245496997998544       0.9528781995177080
     656.4247498332221085       0.9356127232313028
     656.4249499666444763       1.0309877935796889
     656.4251501000667304       1.0449289157986583
     656.4253502334889845       0.9649665616452655
     656.4255503669112386       1.0129081411287162
     656.4257505003336064       0.9557518698275072
     656.4259506337558605       1.0215261485427605
     656.4261507671781146       0.9705436788499348
     656.4263509006003687       0.9460828341543669
     656.4265510340227365       1.0390563122928138
     656.4267511674449906       1.0713251978158949
     656.4269513008672448       0.9464480020105838
     656.4271514342894989       0.9692039787769317
     656.4273515677118667       1.0207940917462111
     656.4275517011341208       0.9623668268322945
     656.4277518345563749       1.0157808512449265
     656.4279519679786290       1.0585143342614174
     656.4281521014009968       1.0321243554353714
     656.4283522348232509       1.0812160596251488
     656.4285523682455050       0.9962086628656834
     656.4287525016677591       0.9536374397575855
     656.4289526350901269       0.9675003029406071
     656.4291527685123810       0.9138921275734901
     656.4293529019346352       0.9732312168926001
     656.4295530353568893       1.0336592160165310
     656.4297531687791434       1.0328613370656967
     656.4299533022015112       0.9180964380502701
     656.4301534356237653       1.0731883943080902
     656.4303535690460194       1.0154985263943672
     656.4305537024682735       1.0286615323275328
     656.4307538358906413       0.9232131838798523
     656.4309539693128954       1.1023523807525635
     656.4311541027351495       0.8616812974214554
     656.4313542361574036       1.0042460798285902
     656.4315543695797714       1.0217700581997633
     656.4317545030020256       0.9641731828451157
     656.4319546364242797       0.9307754486799240
     656.4321547698465338       1.0096275890246034
     656.4323549032689016       0.9821482915431261
     656.4325550366911557       1.0595751814544201
     656.4327551701134098       0.9427712261676788
     656.4329553035356639       0.9466579742729664
     656.4331554369580317       0.9595267921686172
     656.4333555703802858       1.0525432117283344
     656.4335557038025399       1.0773597881197929
     656.4337558372247940       1.0733110830187798
     656.4339559706471618       0.9637254364788532
     656.4341561040694160       0.9443007819354534
     656.4343562374916701       0.9943123320117593
     656.4345563709139242       0.9028679803013802
     656.4347565043361783       1.0580874383449554
     656.4349566377585461       1.0350994728505611
     656.4351567711808002       1.0435165390372276
     656.4353569046030543       1.0643408447504044
     656.4355570380253084       0.9858241481706500
     656.4357571714476762       1.0820329710841179
     656.4359573048699303       1.0627422332763672
     656.4361574382921845       1.0341818816959858
     656.4363575717144386       1.0383685827255249
     656.4365577051368064       1.0134158348664641
     656.4367578385590605       1.0331956930458546
     656.4369579719813146       0.9716381579637527
     656.4371581054035687       0.8844864815473557
     656.4373582388259365       0.9320638254284859
     656.4375583722481906       1.0069609670899808
     656.4377585056704447       0.9869187502190471
     656.4379586390926988       1.0152004156261683
     656.4381587725150666       0.9952778485603631
     656.4383589059373207       1.0454115532338619
     656.4385590393595749       0.9608618877828121
     656.4387591727818290       1.0534126646816730
     656.4389593062041968       0.9950457150116563
     656.4391594396264509       0.9750288818031549
     656.4393595730487050       0.9787201005965471
     656.4395597064709591       1.0330320969223976
     656.4397598398933269       0.9610225297510624
     656.4399599733155810       1.0194626543670893
     656.4401601067378351       0.9855989599600434
     656.4403602401600892       1.0316367410123348
     656.4405603735823433       0.9928246578201652
     656.4407605070047111       0.9934457121416926
     656.4409606404269653       0.9364654049277306
     656.4411607738492194       0.9775040820240974
     656.4413609072714735       1.0103893820196390
     656.4415610406938413       0.9453421421349049
     656.4417611741160954       0.9759752545505762
     656.4419613075383495       0.9387768320739269
     656.4421614409606036       0.9936198890209198
     656.4423615743829714       0.9291981756687164
     656.4425617078052255       0.9841309804469347
     656.4427618412274796       0.9643591083586216
     656.4429619746497337       1.0305731501430273
     656.4431621080721015       1.0130512360483408
     656.4433622414943557       0.9938833741471171
     656.4435623749166098       1.0162330996245146
     656.4437625083388639       0.9711910393089056
     656.4439626417612317       1.0358864814043045
     656.4441627751834858       1.0626892000436783
     656.4443629086057399       0.9933770745992661
     656.4445630420279940       1.0749916434288025
     656.4447631754503618       1.0108556365594268
     656.4449633088726159       0.9777895156294107
     656.4451634422948700       1.0395883321762085
     656.4453635757171241       0.9810046050697565
     656.4455637091393783       1.1411190629005432
     656.4457638425617461       0.9352022111415863
     656.4459639759840002       0.9576088860630989
     656.4461641094062543       0.9881282448768616
     656.4463642428285084       1.0375793464481831
     656.4465643762508762       1.0213317479938269
     656.4467645096731303       0.9417864307761192
     656.4469646430953844       1.0196424033492804
     656.4471647765176385       1.0212739724665880
     656.4473649099400063       0.9526140429079533
     656.4475650433622604       1.0140408873558044
     656.4477651767845146       1.0140286386013031
     656.4479653102067687       0.9398635365068913
     656.4481654436291365       1.0312220659106970
     656.4483655770513906       0.9897272596135736
     656.4485657104736447       0.9092283323407173
     656.4487658438958988       1.0558357201516628
     656.4489659773182666       0.9096334800124168
     656.4491661107405207       1.0209276508539915
     656.4493662441627748       1.0236511323601007
     656.4495663775850289       0.9925055233761668
     656.4497665110073967       0.9847098048776388
     656.4499666444296508       1.0096221147105098
     656.4501667778519050       0.9808457735925913
     656.4503669112741591       1.0152288367971778
     656.4505670446965269       1.0088481074199080
     656.4507671781187810       0.9507066346704960
     656.4509673115410351       1.0214894115924835
     656.4511674449632892       1.0172661468386650
     656.4513675783855433       0.9883943600580096
     656.4515677118079111       1.0218117311596870
     656.4517678452301652       0.9221521839499474
     656.4519679786524193       1.0385057143867016
     656.4521681120746734       1.0075349467806518
     656.4523682454970412       1.0230192858725786
     656.4525683789192954       0.9210111275315285
     656.4527685123415495       1.0490234345197678
     656.4529686457638036       1.0229573305696249
     656.4531687791861714       1.0707149580121040
     656.4533689126084255       1.0813206806778908
     656.4535690460306796       0.9503860697150230
     656.4537691794529337       0.9391553029417992
     656.4539693128753015       0.9999439194907609
     656.4541694462975556       1.0427445620298386
     656.4543695797198097       0.9932770272716880
     656.4545697131420638       0.9769423045217991
     656.4547698465644316       1.0115670124068856
     656.4549699799866858       0.9351355060935020
     656.4551701134089399       0.9875502316281199
     656.4553702468311940       1.0214926972985268
     656.4555703802535618       1.0487152338027954
     656.4557705136758159       0.9127676486968994
     656.4559706470980700       0.9996710759878624
     656.4561707805203241       1.0583212263882160
     656.4563709139425782       1.0424047708511353
     656.4565710473649460       0.9977641829755157
     656.4567711807872001       0.9844166981056333
     656.4569713142094542       0.9659296683967113
     656.4571714476317084       1.0308192502707243
     656.4573715810540762       1.0003208386769984
     656.4575717144763303       0.9651874937117100
     656.4577718478985844       1.1296721398830414
     656.4579719813208385       0.9376989044249058
     656.4581721147432063       0.9950998881831765
     656.4583722481654604       1.0738094374537468
     656.4585723815877145       1.0586033724248409
     656.4587725150099686       1.0518882833421230
     656.4589726484323364       1.0266599040478468
     656.4591727818545905       1.0146666066721082
     656.4593729152768447       1.0205850508064032
     656.4595730486990988       0.9922695704735816
     656.4597731821214666       0.8630319982767105
     656.4599733155437207       1.0472236499190331
     656.4601734489659748       1.0748446956276894
     656.4603735823882289       1.0975770875811577
     656.4605737158105967       0.9477459378540516
     656.4607738492328508       1.0445568859577179
     656.4609739826551049       1.0213404800742865
     656.4611741160773590       1.0009353550267406
     656.4613742494997268       0.9764965157955885
     656.4615743829219809       1.1256078183650970
     656.4617745163442351       0.9873818503692746
     656.4619746497664892       0.9570176824927330
     656.4621747831887433       0.9661968238651752
     656.4623749166111111       1.0668172985315323
     656.4625750500333652       1.0044487216509879
     656.4627751834556193       0.9827759098261595
     656.4629753168778734       1.0123813832178712
     656.4631754503002412       1.0376649312674999
     656.4633755837224953       1.0113116083666682
     656.4635757171447494       1.0280791018158197
     656.4637758505670035       1.0024952662643045
     656.4639759839893713       0.9929463975131512
     656.4641761174116255       0.9396688230335712
     656.4643762508338796       1.0506581328809261
     656.4645763842561337       1.0798274800181389
     656.4647765176785015       0.9556340612471104
     656.4649766511007556       0.9915334330871701
     656.4651767845230097       1.0260984301567078
     656.4653769179452638       1.0330083668231964
     656.4655770513676316       0.9471581317484379
     656.4657771847898857       0.9774193912744522
     656.4659773182121398       1.0086745452135801
     656.4661774516343939       0.8883399963378906
     656.4663775850567617       1.0234326962381601
     656.4665777184790159       1.0520419776439667
     656.4667778519012700       0.9657831825315952
     656.4669779853235241       1.0935439169406891
     656.4671781187458919       1.1085104346275330
     656.4673782521681460       0.9968662143219262
     656.4675783855904001       0.9279934465885162
     656.4677785190126542       0.9412930905818939
     656.4679786524349083       1.0152716264128685
     656.4681787858572761       0.9451422877609730
     656.4683789192795302       0.9572543166577816
     656.4685790527017843       0.9532167129218578
     656.4687791861240385       1.0530605390667915
     656.4689793195464063       0.9637164659798145
     656.4691794529686604       0.9715181458741426
     656.4693795863909145       1.0332841500639915
     656.4695797198131686       1.0646389946341515
     656.4697798532355364       1.0383981242775917
     656.4699799866577905       0.9997803402802674
     656.4701801200800446       0.9807563833892345
     656.4703802535022987       0.9620071090757847
     656.4705803869246665       1.0114585896953940
     656.4707805203469206       1.0394224114716053
     656.4709806537691748       0.9895395692437887
     656.4711807871914289       0.9745276737958193
     656.4713809206137967       1.0710697695612907
     656.4715810540360508       1.0387299917638302
     656.4717811874583049       1.0260440167039633
     656.4719813208805590       1.0851606652140617
     656.4721814543029268       0.9798181988298893
     656.4723815877251809       1.0027162372134626
     656.4725817211474350       0.9947051336057484
     656.4727818545696891       1.1545112282037735
     656.4729819879919432       1.0111870532855392
     656.4731821214143110       1.0144041022285819
     656.4733822548365652       1.0136702274903655
     656.4735823882588193       0.9389384724199772
     656.4737825216810734       1.0067087882198393
     656.4739826551034412       0.9958033724687994
     656.4741827885256953       1.0405871570110321
     656.4743829219479494       0.9289664030075073
     656.4745830553702035       0.9969178580213338
     656.4747831887925713       0.9313305690884590
     656.4749833222148254       1.0616621263325214
     656.4751834556370795       1.1300724595785141
     656.4753835890593336       1.0499555058777332
     656.4755837224817014       1.0591590069234371
     656.4757838559039556       1.0372228845953941
     656.4759839893262097       1.0360886678099632
     656.4761841227484638       1.0890500918030739
     656.4763842561708316       0.9762893319129944
     656.4765843895930857       0.9971363896038383
     656.4767845230153398       1.0510438457131386
     656.4769846564375939       0.9960374664515257
     656.4771847898599617       1.0397905074059963
     656.4773849232822158       1.0487908981740475
     656.4775850567044699       0.9538533873856068
     656.4777851901267240       1.0532563738524914
     656.4779853235490918       1.0111270146444440
     656.4781854569713460       0.9183854088187218
     656.4783855903936001       1.0071312668733299
     656.4785857238158542       0.9406517334282398
     656.4787858572381083       0.9945501848123968
     656.4789859906604761       0.9598588123917580
     656.4791861240827302       1.0338986329734325
     656.4793862575049843       0.9006383717060089
     656.4795863909272384       1.0091731734573841
     656.4797865243496062       0.9881294583901763
     656.4799866577718603       1.0165159627795219
     656.4801867911941144       1.1011300310492516
     656.4803869246163686       1.0487342029809952
     656.4805870580387364       1.0056456248275936
     656.4807871914609905       1.0258543323725462
     656.4809873248832446       0.9665554091334343
     656.4811874583054987       1.0308837201446295
     656.4813875917278665       0.9965534079819918
     656.4815877251501206       1.0052604572847486
     656.4817878585723747       1.0222596749663353
     656.4819879919946288       1.0385755747556686
     656.4821881254169966       0.9276950731873512
     656.4823882588392507       1.0002927095047198
     656.4825883922615049       1.0260830707848072
     656.4827885256837590       1.0326416641473770
     656.4829886591061268       1.0990052148699760
     656.4831887925283809       1.0907413884997368
     656.4833889259506350       1.0148286391049623
     656.4835890593728891       0.9847235735505819
     656.4837891927951432       1.0415187366306782
     656.4839893262175110       0.9704539682716131
     656.4841894596397651       1.0286428276449442
     656.4843895930620192       0.9004917964339256
     656.4845897264842733       1.0973382443189621
     656.4847898599066411       1.1666661202907562
     656.4849899933288953       0.9923843047581613
     656.4851901267511494       1.0167755950242281
     656.4853902601734035       0.9846903877332807
     656.4855903935957713       0.9567722417414188
     656.4857905270180254       1.0137590905651450
     656.4859906604402795       1.1336198300123215
     656.4861907938625336       0.8729289919137955
     656.4863909272849014       0.9647975564002991
     656.4865910607071555       1.0249981079250574
     656.4867911941294096       1.0351996682584286
     656.4869913275516637       1.0702866390347481
     656.4871914609740315       1.0033864134456962
     656.4873915943962857       1.0604622028768063
     656.4875917278185398       0.9067555889487267
     656.4877918612407939       1.0598264448344707
     656.4879919946631617       0.9608965441584587
     656.4881921280854158       0.9308572709560394
     656.4883922615076699       0.9412563927471638
     656.4885923949299240       1.0699435174465179
     656.4887925283522918       1.0582011453807354
     656.4889926617745459       0.9498743526637554
     656.4891927951968000       1.0089438958093524
     656.4893929286190541       1.0075756683945656
     656.4895930620413083       0.9925304953940213
     656.4897931954636761       0.9927303148433566
     656.4899933288859302       0.9753227960318327
     656.4901934623081843       0.9953652792610228
     656.4903935957304384       1.0312188994139433
     656.4905937291528062       1.0234663113951683
     656.4907938625750603       1.0011300774058327
     656.4909939959973144       1.0398390926420689
     656.4911941294195685       0.9574267007410526
     656.4913942628419363       0.9997223587997723
     656.4915943962641904       1.0501101575791836
     656.4917945296864445       1.0330460369586945
     656.4919946631086987       1.0359218753874302
     656.4921947965310665       1.0266221947968006
     656.4923949299533206       0.9478308483958244
     656.4925950633755747       0.8978039696812630
     656.4927951967978288       1.0081437807530165
     656.4929953302201966       1.0202356874942780
     656.4931954636424507       1.0517720580101013
     656.4933955970647048       1.0735482722520828
     656.4935957304869589       0.9141818434000015
     656.4937958639093267       0.9157391786575317
     656.4939959973315808       0.9094031229615211
     656.4941961307538350       1.0104225901886821
     656.4943962641760891       0.9546860754489899
     656.4945963975983432       0.8891440257430077
     656.4947965310207110       1.0046412888914347
     656.4949966644429651       1.1090368255972862
     656.4951967978652192       0.9907700959593058
     656.4953969312874733       1.0162986032664776
     656.4955970647098411       1.0118591012433171
     656.4957971981320952       1.0002012296899920
     656.4959973315543493       1.0937005504965782
     656.4961974649766034       1.0103444550186396
     656.4963975983989712       0.9327001497149467
     656.4965977318212254       1.0554858818650246
     656.4967978652434795       1.0478243902325630
     656.4969979986657336       0.9098357185721397
     656.4971981320881014       1.0022351515945047
     656.4973982655103555       0.9114223346114159
     656.4975983989326096       1.0884188860654831
     656.4977985323548637       1.0167775228619576
     656.4979986657772315       0.9787130206823349
     656.4981987991994856       0.9445896558463573
     656.4983989326217397       1.0011731626000255
     656.4985990660439938       1.0161318685859442
     656.4987991994663616       0.9290056675672531
     656.4989993328886158       0.9341310560703278
     656.4991994663108699       1.0761182159185410
     656.4993995997331240       1.0258955303579569
     656.4995997331554918       0.9066773653030396
     656.4997998665777459       1.0435248613357544
     656.5000000000000000       1.0407995656132698

