     656.2000000000000455       0.8701431006193161
     656.2002001334222996       0.9865971310064197
     656.2004002668445537       0.9873354164883494
     656.2006004002669215       0.9758743010461330
     656.2008005336891756       0.9583357460796833
     656.2010006671114297       1.0195755939930677
     656.2012008005336838       1.0141593813896179
     656.2014009339560516       1.0629178285598755
     656.2016010673783057       1.0452323667705059
     656.2018012008005599       0.9503854997456074
     656.2020013342228140       1.0381725803017616
     656.2022014676451818       0.9204684495925903
     656.2024016010674359       0.8972987309098244
     656.2026017344896900       0.9558065086603165
     656.2028018679119441       1.0990026593208313
     656.2030020013343119       1.0181736256927252
     656.2032021347565660       1.0197023469954729
     656.2034022681788201       0.8890518173575401
     656.2036024016010742       0.9257600158452988
     656.2038025350234420       1.0195310432463884
     656.2040026684456961       1.0021509132348001
     656.2042028018679503       1.0607672631740570
     656.2044029352902044       1.0119459405541420
     656.2046030687125722       0.9762585982680321
     656.2048032021348263       0.9648475795984268
     656.2050033355570804       0.9955627149902284
     656.2052034689793345       1.0655597075819969
     656.2054036024017023       1.0344524271786213
     656.2056037358239564       0.9849394513294101
     656.2058038692462105       1.0261770673096180
     656.2060040026684646       0.9273516312241554
     656.2062041360907187       1.0373030565679073
     656.2064042695130865       1.0269414186477661
     656.2066044029353407       1.0597153380513191
     656.2068045363575948       0.9431797154247761
     656.2070046697798489       1.0223196074366570
     656.2072048032022167       1.0041906032711267
     656.2074049366244708       1.0693279653787613
     656.2076050700467249       1.0798908770084381
     656.2078052034689790       0.9662524536252022
     656.2080053368913468       0.9385704025626183
     656.2082054703136009       0.8997247666120529
     656.2084056037358550       1.0176193248480558
     656.2086057371581092       1.0471470206975937
     656.2088058705804769       0.9284596666693687
     656.2090060040027311       0.9416742548346519
     656.2092061374249852       1.0005122438888066
     656.2094062708472393       0.9918285133317113
     656.2096064042696071       1.0475014001131058
     656.2098065376918612       1.0582039952278137
     656.2100066711141153       0.9774291832000017
     656.2102068045363694       0.9778026528656483
     656.2104069379587372       0.9567526355385780
     656.2106070713809913       1.0061062029562891
     656.2108072048032454       0.9869222771376371
     656.2110073382254996       1.0612894594669342
     656.2112074716477537       0.9074623212218285
     656.2114076050701215       1.0026577997487038
     656.2116077384923756       0.9558676667511463
     656.2118078719146297       1.0723871812224388
     656.2120080053368838       0.9951206059195101
     656.2122081387592516       0.9893972566351295
     656.2124082721815057       1.0222353059798479
     656.2126084056037598       1.0020732884295285
     656.2128085390260139       0.9727635830640793
     656.2130086724483817       1.0368168167769909
     656.2132088058706358       0.9975421789567918
     656.2134089392928900       0.9693434592336416
     656.2136090727151441       0.9802928846329451
     656.2138092061375119       1.0829989537596703
     656.2140093395597660       1.0165223535150290
     656.2142094729820201       1.0174866449087858
     656.2144096064042742       0.9526362307369709
     656.2146097398266420       1.0383594855666161
     656.2148098732488961       1.0525058917701244
     656.2150100066711502       0.9403860606253147
     656.2152101400934043       1.0559094958007336
     656.2154102735157721       1.0875716432929039
     656.2156104069380262       1.0041529056616127
     656.2158105403602804       0.9334186092019081
     656.2160106737825345       0.9205856695771217
     656.2162108072049023       1.0240426566451788
     656.2164109406271564       0.9738478977233171
     656.2166110740494105       1.0507614873349667
     656.2168112074716646       1.0235396809875965
     656.2170113408939187       0.9519189409911633
     656.2172114743162865       0.8877605274319649
     656.2174116077385406       1.0017959177494049
     656.2176117411607947       0.9610598906874657
     656.2178118745830488       1.0187607090920210
     656.2180120080054166       1.0345169566571712
     656.2182121414276708       0.9842660743743181
     656.2184122748499249       0.9850205909460783
     656.2186124082721790       0.9486472345888615
     656.2188125416945468       1.0938901901245117
     656.2190126751168009       1.0432172566652298
     656.2192128085390550       1.1110524907708168
     656.2194129419613091       0.9085452184081078
     656.2196130753836769       1.0702213048934937
     656.2198132088059310       0.9990972117520869
     656.2200133422281851       1.0385853126645088
     656.2202134756504392       0.9701206926256418
     656.2204136090728070       0.9335182905197144
     656.2206137424950612       1.0446563921868801
     656.2208138759173153       0.9292999580502510
     656.2210140093395694       1.0220590028911829
     656.2212141427619372       0.9937357534654438
     656.2214142761841913       0.9801503494381905
     656.2216144096064454       1.1077360734343529
     656.2218145430286995       0.9977219377178699
     656.2220146764509536       1.0714440494775772
     656.2222148098733214       1.0059592821635306
     656.2224149432955755       1.0350943244993687
     656.2226150767178297       1.0117409219965339
     656.2228152101400838       0.9516208469867706
     656.2230153435624516       0.9742675293236971
     656.2232154769847057       0.9238291233778000
     656.2234156104069598       0.9686791896820068
     656.2236157438292139       1.0015471782535315
     656.2238158772515817       1.0437515862286091
     656.2240160106738358       1.1295149177312851
     656.2242161440960899       0.9552412629127502
     656.2244162775183440       0.9679175205528736
     656.2246164109407118       1.0314026437699795
     656.2248165443629659       0.9542412832379341
     656.2250166777852201       0.9964025008957833
     656.2252168112074742       1.0290203932672739
     656.2254169446298420       1.0177074875682592
     656.2256170780520961       1.0047500981017947
     656.2258172114743502       0.9042919948697090
     656.2260173448966043       0.9528165794909000
     656.2262174783189721       0.9472881555557251
     656.2264176117412262       0.9923773258924484
     656.2266177451634803       1.0040933997370303
     656.2268178785857344       0.9321206957101822
     656.2270180120081022       1.0524496026337147
     656.2272181454303563       0.9348717927932739
     656.2274182788526105       0.9774847030639648
     656.2276184122748646       0.9884040281176567
     656.2278185456971187       0.9782297760248184
     656.2280186791194865       1.1303792595863342
     656.2282188125417406       1.0067213103175163
     656.2284189459639947       1.0019561599474400
     656.2286190793862488       0.9923673314042389
     656.2288192128086166       1.0389128141105175
     656.2290193462308707       1.0416700355708599
     656.2292194796531248       1.0746178552508354
     656.2294196130753789       0.9845656258985400
     656.2296197464977467       1.1243267431855202
     656.2298198799200009       1.0159039068967104
     656.2300200133422550       0.9870870457962155
     656.2302201467645091       1.0206557046622038
     656.2304202801868769       1.0811332687735558
     656.2306204136091310       1.0068934834562242
     656.2308205470313851       1.0211877338588238
     656.2310206804536392       1.0476987920701504
     656.2312208138760070       1.0485037527978420
     656.2314209472982611       0.9330644086003304
     656.2316210807205152       0.9552035890519619
     656.2318212141427693       1.0497706644237041
     656.2320213475651371       1.0477685891091824
     656.2322214809873913       0.9416511692106724
     656.2324216144096454       1.0562676861882210
     656.2326217478318995       0.9852846814319491
     656.2328218812541536       0.9811349622905254
     656.2330220146765214       0.9551283009350300
     656.2332221480987755       1.0310743097215891
     656.2334222815210296       1.0254847593605518
     656.2336224149432837       0.9925910308957100
     656.2338225483656515       1.0901168584823608
     656.2340226817879056       0.9506618119776249
     656.2342228152101598       0.9968437273055315
     656.2344229486324139       1.0270341541618109
     656.2346230820547817       1.0009132440318353
     656.2348232154770358       1.0180948898196220
     656.2350233488992899       0.9843692202121019
     656.2352234823215440       1.0348573923110962
     656.2354236157439118       0.9896592805162072
     656.2356237491661659       1.0501147881150246
     656.2358238825884200       0.9924709075130522
     656.2360240160106741       0.9540103077888489
     656.2362241494330419       0.9628645628690720
     656.2364242828552960       0.9264307618141174
     656.2366244162775502       1.0861399993300438
     656.2368245496998043       0.9311783686280251
     656.2370246831221721       1.0682004019618034
     656.2372248165444262       1.1047442108392715
     656.2374249499666803       0.9611311480402946
     656.2376250833889344       0.9285455718636513
     656.2378252168113022       0.9912694282829762
     656.2380253502335563       1.1098958030343056
     656.2382254836558104       1.0225613918155432
     656.2384256170780645       0.9909219527617097
     656.2386257505003186       0.9969955726992339
     656.2388258839226864       1.0030903408769518
     656.2390260173449406       1.0017714755376801
     656.2392261507671947       1.0642790943384171
     656.2394262841894488       1.0026084822602570
     656.2396264176118166       1.0136999832466245
     656.2398265510340707       0.9885418890044093
     656.2400266844563248       1.0263866614550352
     656.2402268178785789       1.0141011048108339
     656.2404269513009467       0.9844699846580625
     656.2406270847232008       1.0261530131101608
     656.2408272181454549       1.0259631182998419
     656.2410273515677090       0.9833975564688444
     656.2412274849900768       1.0007701259455644
     656.2414276184123310       0.9232152551412582
     656.2416277518345851       0.9312756881117821
     656.2418278852568392       1.0443687513470650
     656.2420280186792070       0.9775351006537676
     656.2422281521014611       0.9614619761705399
     656.2424282855237152       0.9977541444823146
     656.2426284189459693       1.0197902172803879
     656.2428285523683371       0.8927218914031982
     656.2430286857905912       1.0138786351308227
     656.2432288192128453       0.9944567265920341
     656.2434289526350994       0.9916937248781323
     656.2436290860574672       0.9997864407923771
     656.2438292194797214       1.0729500427842140
     656.2440293529019755       1.0522278323769569
     656.2442294863242296       1.0576403625309467
     656.2444296197464837       0.9225996211171150
     656.2446297531688515       1.0319759175181389
     656.2448298865911056       0.9872289504855871
     656.2450300200133597       0.8527951836585999
     656.2452301534356138       0.9587691649794579
     656.2454302868579816       0.9891470624133945
     656.2456304202802357       1.0117816831916571
     656.2458305537024899       0.9544616378843784
     656.2460306871247440       1.0384812429547310
     656.2462308205471118       1.0207009334117174
     656.2464309539693659       0.9898813981562853
     656.2466310873916200       0.9911394761875272
     656.2468312208138741       1.0113263446837664
     656.2470313542362419       1.0496958978474140
     656.2472314876584960       0.9391004852950573
     656.2474316210807501       1.0348361767828465
     656.2476317545030042       0.9288702309131622
     656.2478318879253720       0.9830679092556238
     656.2480320213476261       0.9501301944255829
     656.2482321547698803       0.9963265571277589
     656.2484322881921344       0.9798395615071058
     656.2486324216145022       0.9340078011155128
     656.2488325550367563       0.9162969738245010
     656.2490326884590104       0.9963361634872854
     656.2492328218812645       1.0631963089108467
     656.2494329553035186       0.9570410922169685
     656.2496330887258864       0.9798836335539818
     656.2498332221481405       1.0062091927975416
     656.2500333555703946       1.0138913169503212
     656.2502334889926487       0.9644280299544334
     656.2504336224150165       0.9951064027845860
     656.2506337558372707       1.0500124767422676
     656.2508338892595248       0.9631911851465702
     656.2510340226817789       0.9946598955430090
     656.2512341561041467       0.9912284482270479
     656.2514342895264008       1.0195891987532377
     656.2516344229486549       0.9420425593852997
     656.2518345563709090       0.9490281455218792
     656.2520346897932768       1.0379475541412830
     656.2522348232155309       1.0271011143922806
     656.2524349566377850       1.0780636146664619
     656.2526350900600391       0.9882627213373780
     656.2528352234824069       1.0551081858575344
     656.2530353569046611       0.9652494378387928
     656.2532354903269152       0.9855657294392586
     656.2534356237491693       0.9534470513463020
     656.2536357571715371       1.0469805486500263
     656.2538358905937912       1.0182013567537069
     656.2540360240160453       0.9750992376357317
     656.2542361574382994       0.9108706042170525
     656.2544362908606672       0.9653883166611195
     656.2546364242829213       0.9498793706297874
     656.2548365577051754       1.0283111035823822
     656.2550366911274295       0.9437808021903038
     656.2552368245496837       0.9901865897700191
     656.2554369579720515       0.9292498081922531
     656.2556370913943056       0.9328304901719093
     656.2558372248165597       0.9801762271672487
     656.2560373582388138       1.0162514392286539
     656.2562374916611816       0.9860308524221182
     656.2564376250834357       1.0545428097248077
     656.2566377585056898       1.0522893331944942
     656.2568378919279439       0.9266326799988747
     656.2570380253503117       1.0664875954389572
     656.2572381587725658       0.9392751455307007
     656.2574382921948200       1.0288337673991919
     656.2576384256170741       1.0660535097122192
     656.2578385590394419       0.9332256093621254
     656.2580386924616960       1.0533835254609585
     656.2582388258839501       1.0744480714201927
     656.2584389593062042       0.9889464555308223
     656.2586390927285720       0.9992283582687378
     656.2588392261508261       1.0304650403559208
     656.2590393595730802       0.9590032808482647
     656.2592394929953343       1.0229182150214911
     656.2594396264177021       0.9051535055041313
     656.2596397598399562       1.0535557381808758
     656.2598398932622104       1.0398664958775043
     656.2600400266844645       1.0509317219257355
     656.2602401601067186       1.0357986241579056
     656.2604402935290864       0.9873303500935435
     656.2606404269513405       1.0903758108615875
     656.2608405603735946       1.0137127833440900
     656.2610406937958487       0.9893302684649825
     656.2612408272182165       1.0207244511693716
     656.2614409606404706       1.0092306248843670
     656.2616410940627247       0.9472409114241600
     656.2618412274849788       0.9972442914731801
     656.2620413609073466       1.0599469840526581
     656.2622414943296008       0.9765475858002901
     656.2624416277518549       1.0033521770965308
     656.2626417611741090       0.9617686644196510
     656.2628418945964768       1.0205078683793545
     656.2630420280187309       0.9462384395301342
     656.2632421614409850       1.0485847294330597
     656.2634422948632391       0.9455583095550537
     656.2636424282856069       1.0026760862674564
     656.2638425617078610       0.9546548202633858
     656.2640426951301151       1.0830067619681358
     656.2642428285523692       1.0660132691264153
     656.2644429619747370       1.0543939881026745
     656.2646430953969912       0.9992977104848251
     656.2648432288192453       1.0114538967609406
     656.2650433622414994       0.9562561772763729
     656.2652434956638672       0.8893980830907822
     656.2654436290861213       0.9648020192980766
     656.2656437625083754       0.9353866055607796
     656.2658438959306295       0.9594625905156136
     656.2660440293528836       1.0062377261929214
     656.2662441627752514       1.0893768444657326
     656.2664442961975055       0.9451019652187824
     656.2666444296197596       1.0942641347646713
     656.2668445630420138       0.9678030982613564
     656.2670446964643816       1.0196952112019062
     656.2672448298866357       1.0484687052667141
     656.2674449633088898       1.0578926689922810
     656.2676450967311439       0.9862545458599925
     656.2678452301535117       0.9312491193413734
     656.2680453635757658       1.0229590870440006
     656.2682454969980199       0.9874307150021195
     656.2684456304202740       1.0309243034571409
     656.2686457638426418       0.9432897008955479
     656.2688458972648959       1.0172083582729101
     656.2690460306871501       0.9454523026943207
     656.2692461641094042       1.0122681623324752
     656.2694462975317720       0.9750374574214220
     656.2696464309540261       0.9675593487918377
     656.2698465643762802       1.0617725662887096
     656.2700466977985343       1.0610634274780750
     656.2702468312209021       0.9746189918369055
     656.2704469646431562       0.9937233873642981
     656.2706470980654103       1.1085565313696861
     656.2708472314876644       0.9694868382066488
     656.2710473649099185       0.9997814014350297
     656.2712474983322863       1.0105965407565236
     656.2714476317545405       1.0147081781178713
     656.2716477651767946       1.0184591971337795
     656.2718478985990487       1.0202176254242659
     656.2720480320214165       1.0556463710963726
     656.2722481654436706       1.0312799029052258
     656.2724482988659247       0.9741638246923685
     656.2726484322881788       1.0395097732543945
     656.2728485657105466       1.0471615344285965
     656.2730486991328007       1.0416788905858994
     656.2732488325550548       1.0251299291849136
     656.2734489659773089       1.0044896872714162
     656.2736490993996767       1.0302093010395765
     656.2738492328219309       0.9632535874843597
     656.2740493662441850       0.9938683160580695
     656.2742494996664391       0.9526956193149090
     656.2744496330888069       1.0672824755311012
     656.2746497665110610       0.9330740496516228
     656.2748498999333151       1.0622507221996784
     656.2750500333555692       0.9583214707672596
     656.2752501667779370       0.9297745525836945
     656.2754503002001911       1.0857295319437981
     656.2756504336224452       1.0615127980709076
     656.2758505670446993       0.9935119436122477
     656.2760507004670671       1.0331408791244030
     656.2762508338893213       1.0271067600697279
     656.2764509673115754       0.9322460144758224
     656.2766511007338295       0.9623374789953232
     656.2768512341560836       1.0511249974370003
     656.2770513675784514       0.9856306016445160
     656.2772515010007055       0.9325774312019348
     656.2774516344229596       1.0502614751458168
     656.2776517678452137       0.9307723566889763
     656.2778519012675815       1.0880298838019371
     656.2780520346898356       0.9315224438905716
     656.2782521681120897       1.0246008690446615
     656.2784523015343439       0.9781447201967239
     656.2786524349567117       1.0362360216677189
     656.2788525683789658       0.9884220184758306
     656.2790527018012199       1.0371878296136856
     656.2792528352234740       1.0179474931210279
     656.2794529686458418       0.9800265654921532
     656.2796531020680959       1.0005099360132590
     656.2798532354903500       1.0101129477843642
     656.2800533689126041       0.9169575572013855
     656.2802535023349719       0.9780277628451586
     656.2804536357572260       0.9878752296790481
     656.2806537691794802       1.0738419294357300
     656.2808539026017343       0.9393972083926201
     656.2810540360241021       1.0221566613763571
     656.2812541694463562       1.0097680492326617
     656.2814543028686103       0.9797589797526598
     656.2816544362908644       1.0087785823270679
     656.2818545697131185       1.0183625426143408
     656.2820547031354863       1.0319238305091858
     656.2822548365577404       1.0081138079985976
     656.2824549699799945       1.0491822175681591
     656.2826551034022486       1.0535282865166664
     656.2828552368246164       0.9523385949432850
     656.2830553702468706       1.0970909595489502
     656.2832555036691247       0.9824066162109375
     656.2834556370913788       0.9568280428647995
     656.2836557705137466       1.0138774579390883
     656.2838559039360007       0.9325953498482704
     656.2840560373582548       0.9325549677014351
     656.2842561707805089       0.9686540104448795
     656.2844563042028767       0.9934685840271413
     656.2846564376251308       0.9498698115348816
     656.2848565710473849       1.0066561489365995
     656.2850567044696390       1.0072680236771703
     656.2852568378920068       0.9758906457573175
     656.2854569713142610       0.9647515751421452
     656.2856571047365151       0.9787646457552910
     656.2858572381587692       1.0114175640046597
     656.2860573715811370       0.9673986658453941
     656.2862575050033911       0.9884365303441882
     656.2864576384256452       1.0430464707314968
     656.2866577718478993       0.9225307479500771
     656.2868579052702671       0.9097300544381142
     656.2870580386925212       0.9926654635928571
     656.2872581721147753       1.0154646905139089
     656.2874583055370294       0.9168158769607544
     656.2876584389592836       0.9407758414745331
     656.2878585723816514       0.9707045909017324
     656.2880587058039055       0.9529717974364758
     656.2882588392261596       0.9992497067432851
     656.2884589726484137       0.9856934072449803
     656.2886591060707815       0.9701666086912155
     656.2888592394930356       1.1116657629609108
     656.2890593729152897       1.0376706570386887
     656.2892595063375438       0.9382314570248127
     656.2894596397599116       1.0182428397238255
     656.2896597731821657       1.0022829379886389
     656.2898599066044198       0.9619925394654274
     656.2900600400266740       1.0893991217017174
     656.2902601734490418       0.9816148094832897
     656.2904603068712959       0.9981440260307863
     656.2906604402935500       1.0065787630155683
     656.2908605737158041       1.0212018694728613
     656.2910607071381719       1.0132615063339472
     656.2912608405604260       1.0282922219485044
     656.2914609739826801       0.9626588448882103
     656.2916611074049342       1.0702812597155571
     656.2918612408273020       1.0108053870499134
     656.2920613742495561       0.9191822186112404
     656.2922615076718103       0.9185813516378403
     656.2924616410940644       0.9538433589041233
     656.2926617745164322       1.0311306510120630
     656.2928619079386863       0.9935174188576639
     656.2930620413609404       0.9654412716627121
     656.2932621747831945       0.9671651311218739
     656.2934623082054486       0.9638211652636528
     656.2936624416278164       1.0326962135732174
     656.2938625750500705       0.9057335779070854
     656.2940627084723246       1.0164010711014271
     656.2942628418945787       0.9886309141293168
     656.2944629753169465       1.0386672466993332
     656.2946631087392007       0.9570188112556934
     656.2948632421614548       0.9821709077805281
     656.2950633755837089       0.9439583234488964
     656.2952635090060767       1.0899979919195175
     656.2954636424283308       0.9867341648787260
     656.2956637758505849       1.0259619802236557
     656.2958639092728390       1.0552127026021481
     656.2960640426952068       0.9936268106102943
     656.2962641761174609       1.0646335557103157
     656.2964643095397150       0.9071883559226990
     656.2966644429619691       1.0432724617421627
     656.2968645763843369       0.9559109508991241
     656.2970647098065911       1.0674018710851669
     656.2972648432288452       0.9128219261765480
     656.2974649766510993       0.9804162941873074
     656.2976651100734671       1.0701060071587563
     656.2978652434957212       0.9715027678757906
     656.2980653769179753       1.0255567226558924
     656.2982655103402294       0.9350295290350914
     656.2984656437624835       0.9177162051200867
     656.2986657771848513       1.0718469396233559
     656.2988659106071054       0.9126066789031029
     656.2990660440293595       0.9694229960441589
     656.2992661774516137       0.9797751456499100
     656.2994663108739815       1.0120081147179008
     656.2996664442962356       1.0128927035257220
     656.2998665777184897       0.9832753539085388
     656.3000667111407438       0.9876808319240808
     656.3002668445631116       1.0258144326508045
     656.3004669779853657       1.0257524643093348
     656.3006671114076198       1.0723260715603828
     656.3008672448298739       1.0191529747098684
     656.3010673782522417       1.0037941858172417
     656.3012675116744958       1.0195492263883352
     656.3014676450967499       1.0034303918946534
     656.3016677785190041       0.9771882090717554
     656.3018679119413719       0.9637164399027824
     656.3020680453636260       1.0418430641293526
     656.3022681787858801       1.0805081725120544
     656.3024683122081342       0.9825478419661522
     656.3026684456305020       1.0052855568937957
     656.3028685790527561       0.9879164518788457
     656.3030687124750102       0.9036491587758064
     656.3032688458972643       1.0468608625233173
     656.3034689793196321       0.9983122259145603
     656.3036691127418862       1.0762724578380585
     656.3038692461641403       1.0473230294883251
     656.3040693795863945       1.0148380314931273
     656.3042695130086486       0.9418333582580090
     656.3044696464310164       1.0205804463475943
     656.3046697798532705       0.9879090040922165
     656.3048699132755246       1.0161969829350710
     656.3050700466977787       1.0279878713190556
     656.3052701801201465       0.9857481503859162
     656.3054703135424006       0.9907233687117696
     656.3056704469646547       0.9786553904414177
     656.3058705803869088       0.9249811023473740
     656.3060707138092766       0.9826281983405352
     656.3062708472315308       1.0499553568661213
     656.3064709806537849       1.0220150556415319
     656.3066711140760390       0.9912330862134695
     656.3068712474984068       1.0416006632149220
     656.3070713809206609       0.9561975486576557
     656.3072715143429150       0.9616921655833721
     656.3074716477651691       1.0008268957026303
     656.3076717811875369       0.8842724636197090
     656.3078719146097910       1.0281522721052170
     656.3080720480320451       0.9419195987284184
     656.3082721814542992       0.8687712401151657
     656.3084723148766670       1.0000528141463292
     656.3086724482989212       0.9527995698153973
     656.3088725817211753       0.9287593066692352
     656.3090727151434294       0.9741249624639750
     656.3092728485656835       0.9970631804317236
     656.3094729819880513       0.9513410218060017
     656.3096731154103054       0.9485020935535431
     656.3098732488325595       0.9645734727382660
     656.3100733822548136       0.9734081532806158
     656.3102735156771814       1.0224862825125456
     656.3104736490994355       1.0427229367196560
     656.3106737825216896       1.0719829127192497
     656.3108739159439438       1.0712285041809082
     656.3110740493663116       0.8739379346370697
     656.3112741827885657       0.9506783261895180
     656.3114743162108198       0.9557019695639610
     656.3116744496330739       0.9689588118344545
     656.3118745830554417       0.9808392561972141
     656.3120747164776958       0.9740114323794842
     656.3122748498999499       0.9802476018667221
     656.3124749833222040       1.0481316000223160
     656.3126751167445718       0.9812093209475279
     656.3128752501668259       1.0057677510194480
     656.3130753835890800       1.0431391596794128
     656.3132755170113342       1.0251729991286993
     656.3134756504337020       0.9498173929750919
     656.3136757838559561       0.9954203935340047
     656.3138759172782102       0.9826813805848360
     656.3140760507004643       0.9684945829212666
     656.3142761841228321       1.0530946329236031
     656.3144763175450862       1.0126646906137466
     656.3146764509673403       1.0132717732340097
     656.3148765843895944       1.0056021125055850
     656.3150767178118485       1.0918363556265831
     656.3152768512342163       0.8987158536911011
     656.3154769846564704       0.8349666744470596
     656.3156771180787246       1.0019420100143179
     656.3158772515009787       1.0540881268680096
     656.3160773849233465       1.0473753139376640
     656.3162775183456006       1.0504078455269337
     656.3164776517678547       1.0200934093445539
     656.3166777851901088       0.9565994739532471
     656.3168779186124766       0.9519285075366497
     656.3170780520347307       0.9979319002013654
     656.3172781854569848       1.0589430630207062
     656.3174783188792389       1.0754120945930481
     656.3176784523016067       1.0656879320740700
     656.3178785857238609       1.0116814030334353
     656.3180787191461150       0.9389227330684662
     656.3182788525683691       1.0581153295934200
     656.3184789859907369       1.0502975545823574
     656.3186791194129910       1.0253273341804743
     656.3188792528352451       1.0409489162266254
     656.3190793862574992       0.9338436797261238
     656.3192795196798670       1.0042309169657528
     656.3194796531021211       0.9643682949244976
     656.3196797865243752       1.0336285568773746
     656.3198799199466293       0.9891847586259246
     656.3200800533688835       0.9796407390385866
     656.3202801867912513       1.0098999487236142
     656.3204803202135054       1.0066746780648828
     656.3206804536357595       0.9478375017642975
     656.3208805870580136       1.0667873099446297
     656.3210807204803814       1.0457478128373623
     656.3212808539026355       0.9653760232031345
     656.3214809873248896       0.9944807095453143
     656.3216811207471437       0.9091448634862900
     656.3218812541695115       1.0883573591709137
     656.3220813875917656       1.0287178810685873
     656.3222815210140197       1.0206675156950951
     656.3224816544362739       1.0399158596992493
     656.3226817878586417       1.0693673864006996
     656.3228819212808958       1.0192994400858879
     656.3230820547031499       1.0337992236018181
     656.3232821881254040       1.0914447531104088
     656.3234823215477718       1.0400548838078976
     656.3236824549700259       0.9747790563851595
     656.3238825883922800       0.9108738228678703
     656.3240827218145341       0.9615340083837509
     656.3242828552369019       0.9563124291598797
     656.3244829886591560       1.0355638079345226
     656.3246831220814101       0.9962177420966327
     656.3248832555036643       0.9535768926143646
     656.3250833889260321       0.9882710622623563
     656.3252835223482862       0.9129482954740524
     656.3254836557705403       0.9819797445088625
     656.3256837891927944       1.0847866013646126
     656.3258839226150485       1.0308077018707991
     656.3260840560374163       0.9992613638169132
     656.3262841894596704       1.0005285951774567
     656.3264843228819245       1.0803242325782776
     656.3266844563041786       0.9900763081386685
     656.3268845897265464       1.0504456833004951
     656.3270847231488005       0.9858470195904374
     656.3272848565710547       0.9423155374825001
     656.3274849899933088       0.9624044708907604
     656.3276851234156766       1.0675788149237633
     656.3278852568379307       0.9272836521267891
     656.3280853902601848       0.8996670469641685
     656.3282855236824389       0.9660966582596302
     656.3284856571048067       0.9883342105895281
     656.3286857905270608       0.9659591875970364
     656.3288859239493149       1.0075528095476329
     656.3290860573715690       0.8851994723081589
     656.3292861907939368       1.0057198270224035
     656.3294863242161910       0.9595013149082661
     656.3296864576384451       0.9475324191153049
     656.3298865910606992       1.0106076737865806
     656.3300867244830670       0.9813623111695051
     656.3302868579053211       1.0593118034303188
     656.3304869913275752       1.0982578620314598
     656.3306871247498293       1.0693213343620300
     656.3308872581721971       0.9869690686464310
     656.3310873915944512       1.0233986135572195
     656.3312875250167053       0.9227876961231232
     656.3314876584389594       0.9632593989372253
     656.3316877918612136       1.0304283201694489
     656.3318879252835814       1.0151358097791672
     656.3320880587058355       1.0021919298451394
     656.3322881921280896       1.0506129674613476
     656.3324883255503437       0.9904848197475076
     656.3326884589727115       0.9651698730885983
     656.3328885923949656       0.9921775953844190
     656.3330887258172197       1.0442335791885853
     656.3332888592394738       0.9752009715884924
     656.3334889926618416       1.0763591229915619
     656.3336891260840957       1.0016292870277539
     656.3338892595063498       1.0173100102692842
     656.3340893929286040       1.0958621352910995
     656.3342895263509718       0.9329504668712616
     656.3344896597732259       1.0124341063201427
     656.3346897931954800       0.9118752852082253
     656.3348899266177341       1.0396674685180187
     656.3350900600401019       0.9682857580482960
     656.3352901934623560       1.0168403144925833
     656.3354903268846101       1.0251756142824888
     656.3356904603068642       1.0198143403977156
     656.3358905937292320       0.9879279984161258
     656.3360907271514861       1.0571963749825954
     656.3362908605737402       1.0437943413853645
     656.3364909939959944       1.0112546188756824
     656.3366911274182485       0.8749561458826065
     656.3368912608406163       0.9297845512628555
     656.3370913942628704       0.9619290567934513
     656.3372915276851245       1.0464516691863537
     656.3374916611073786       0.9571237005293369
     656.3376917945297464       1.0086015388369560
     656.3378919279520005       1.0089573282748461
     656.3380920613742546       1.0391881130635738
     656.3382921947965087       0.8791140317916870
     656.3384923282188765       1.1009953171014786
     656.3386924616411306       0.9439235851168633
     656.3388925950633848       1.0543232820928097
     656.3390927284856389       1.0102487383410335
     656.3392928619080067       1.0595110021531582
     656.3394929953302608       0.9927919977344573
     656.3396931287525149       0.9995030861464329
     656.3398932621747690       1.0044735064730048
     656.3400933955971368       0.9399490840733051
     656.3402935290193909       1.0365593768656254
     656.3404936624416450       1.0114412810653448
     656.3406937958638991       1.0117812026292086
     656.3408939292862669       1.0805363580584526
     656.3410940627085211       1.0311054382473230
     656.3412941961307752       0.9468272626399994
     656.3414943295530293       1.0349853821098804
     656.3416944629753971       1.0661152303218842
     656.3418945963976512       1.0286762323230505
     656.3420947298199053       1.0193353928625584
     656.3422948632421594       1.0566645860671997
     656.3424949966644135       1.0103744836524129
     656.3426951300867813       1.0465711392462254
     656.3428952635090354       1.0211443379521370
     656.3430953969312895       1.0765536576509476
     656.3432955303535437       1.0181657280772924
     656.3434956637759115       0.9741322547197342
     656.3436957971981656       0.9172605648636818
     656.3438959306204197       1.0897512659430504
     656.3440960640426738       0.9569359198212624
     656.3442961974650416       1.0195334497839212
     656.3444963308872957       1.0092709539458156
     656.3446964643095498       1.0307052973657846
     656.3448965977318039       0.9082982316613197
     656.3450967311541717       0.9730659369379282
     656.3452968645764258       0.9519209004938602
     656.3454969979986799       0.9986630909843370
     656.3456971314209341       0.9137789905071259
     656.3458972648433019       0.8973232358694077
     656.3460973982655560       0.9959786096587777
     656.3462975316878101       0.9862253051251173
     656.3464976651100642       0.9339056387543678
     656.3466977985324320       1.0205265302211046
     656.3468979319546861       0.9791369680315256
     656.3470980653769402       0.9560875035822392
     656.3472981987991943       1.0225308388471603
     656.3474983322214484       0.9892285009846091
     656.3476984656438162       1.0439621619880199
     656.3478985990660703       0.8882611766457558
     656.3480987324883245       0.9096110463142395
     656.3482988659105786       1.0008842247771099
     656.3484989993329464       1.0522947199642658
     656.3486991327552005       1.0528273247182369
     656.3488992661774546       0.9603799283504486
     656.3490993995997087       1.0066420580260456
     656.3492995330220765       1.0404564701020718
     656.3494996664443306       0.9830026272684336
     656.3496997998665847       1.0395990014076233
     656.3498999332888388       0.9956528572365642
     656.3501000667112066       0.9729592222720385
     656.3503002001334607       1.0211730282753706
     656.3505003335557149       0.9765220284461975
     656.3507004669779690       0.9836386647075415
     656.3509006004003368       1.0214841701090336
     656.3511007338225909       1.0399481505155563
     656.3513008672448450       0.9774055425077677
     656.3515010006670991       1.0561494827270508
     656.3517011340894669       1.0130889760330319
     656.3519012675117210       1.0375378057360649
     656.3521014009339751       0.9866025308147073
     656.3523015343562292       1.0104005439206958
     656.3525016677785970       1.0143038062378764
     656.3527018012008512       0.9745789766311646
     656.3529019346231053       1.0181892570108175
     656.3531020680453594       1.0490882955491543
     656.3533022014676135       0.9699913468211889
     656.3535023348899813       1.0335594266653061
     656.3537024683122354       1.0166008118540049
     656.3539026017344895       1.0062571554444730
     656.3541027351567436       1.0199444349855185
     656.3543028685791114       1.0212154276669025
     656.3545030020013655       1.0019778807181865
     656.3547031354236196       0.9805757142603397
     656.3549032688458738       1.0443658642470837
     656.3551034022682416       1.0467293262481689
     656.3553035356904957       0.9759301934391260
     656.3555036691127498       1.0081039322540164
     656.3557038025350039       1.0597171597182751
     656.3559039359573717       1.0261947568506002
     656.3561040693796258       1.0379890464246273
     656.3563042028018799       0.8950742930173874
     656.3565043362241340       0.9410271458327770
     656.3567044696465018       1.0256889350712299
     656.3569046030687559       0.9957357821986079
     656.3571047364910100       1.0578200034797192
     656.3573048699132642       0.9866285081952810
     656.3575050033356320       0.9352344647049904
     656.3577051367578861       1.0037109327968210
     656.3579052701801402       0.9463366307318211
     656.3581054036023943       0.9609080515801907
     656.3583055370246484       0.9610452167689800
     656.3585056704470162       1.0308072473853827
     656.3587058038692703       1.0393394827842712
     656.3589059372915244       1.0452842079102993
     656.3591060707137785       1.0005906784790568
     656.3593062041361463       1.0405096225440502
     656.3595063375584004       1.0110019324347377
     656.3597064709806546       0.9655049182474613
     656.3599066044029087       1.0453273504972458
     656.3601067378252765       1.0904819741845131
     656.3603068712475306       1.0015422315336764
     656.3605070046697847       1.0429267175495625
     656.3607071380920388       1.0228000041097403
     656.3609072715144066       1.0557916536927223
     656.3611074049366607       1.0225900448858738
     656.3613075383589148       1.0474029220640659
     656.3615076717811689       1.0634486004710197
     656.3617078052035367       0.9263254776597023
     656.3619079386257908       1.0108626885339618
     656.3621080720480450       0.9396724216639996
     656.3623082054702991       1.0200657565146685
     656.3625083388926669       1.0119919171556830
     656.3627084723149210       1.0256882309913635
     656.3629086057371751       1.0560979545116425
     656.3631087391594292       0.9020529389381409
     656.3633088725817970       0.9295044839382172
     656.3635090060040511       1.1240524426102638
     656.3637091394263052       1.0386332310736179
     656.3639092728485593       0.9507354460656643
     656.3641094062708135       0.9853557851165533
     656.3643095396931813       0.9124365299940109
     656.3645096731154354       0.9860994489863515
     656.3647098065376895       1.0440362878143787
     656.3649099399599436       1.0358143560588360
     656.3651100733823114       1.0039550727233291
     656.3653102068045655       0.9982231721514836
     656.3655103402268196       1.0262524820864201
     656.3657104736490737       1.0529929473996162
     656.3659106070714415       1.0927173867821693
     656.3661107404936956       0.9076962471008301
     656.3663108739159497       0.9668660089373589
     656.3665110073382039       0.9731158465147018
     656.3667111407605717       1.0379905104637146
     656.3669112741828258       1.0719547718763351
     656.3671114076050799       1.0503895543515682
     656.3673115410273340       0.9892813824117184
     656.3675116744497018       1.0300353225320578
     656.3677118078719559       0.9680550172924995
     656.3679119412942100       1.0194596368819475
     656.3681120747164641       1.0478115677833557
     656.3683122081388319       0.9341785982251167
     656.3685123415610860       0.9517104662954807
     656.3687124749833401       0.9631393998861313
     656.3689126084055943       0.9091127887368202
     656.3691127418278484       1.0623764060437679
     656.3693128752502162       1.0386178195476532
     656.3695130086724703       0.9830758068710566
     656.3697131420947244       0.9800047017633915
     656.3699132755169785       1.0014419214567170
     656.3701134089393463       0.9806737247854470
     656.3703135423616004       1.0478512905538080
     656.3705136757838545       1.0225806217640636
     656.3707138092061086       1.0590904913842674
     656.3709139426284764       0.9721235632896418
     656.3711140760507305       0.9492695219814768
     656.3713142094729847       1.0290909018367516
     656.3715143428952388       0.9931914685294012
     656.3717144763176066       0.9962679385207563
     656.3719146097398607       0.9941716366447464
     656.3721147431621148       1.0209435373544626
     656.3723148765843689       0.9472092017531297
     656.3725150100067367       1.0495259910821773
     656.3727151434289908       1.0128723084926392
     656.3729152768512449       1.0503734722733187
     656.3731154102734990       0.9436099939047834
     656.3733155436958668       0.9691910613327550
     656.3735156771181209       1.0175124742089727
     656.3737158105403751       0.9841186590491307
     656.3739159439626292       0.9763152822850074
     656.3741160773849970       0.9537208117541667
     656.3743162108072511       0.9580372162158945
     656.3745163442295052       0.9906075969332203
     656.3747164776517593       1.0058832913628226
     656.3749166110740134       0.9390759654330317
     656.3751167444963812       1.0160636585187468
     656.3753168779186353       0.9753818735454161
     656.3755170113408894       0.9737237561456896
     656.3757171447631436       0.9993073859315615
     656.3759172781855113       1.0512423925026932
     656.3761174116077655       1.0018868809460202
     656.3763175450300196       1.0617050528377365
     656.3765176784522737       0.9775322750001414
     656.3767178118746415       1.0867833941881391
     656.3769179452968956       0.9500043280012183
     656.3771180787191497       0.9997207818969703
     656.3773182121414038       0.9860502788000096
     656.3775183455637716       1.0313563494768201
     656.3777184789860257       0.9666069669979972
     656.3779186124082798       1.0585701277226680
     656.3781187458305340       1.0496658381885422
     656.3783188792529018       0.9741328857559060
     656.3785190126751559       0.9885823516272458
     656.3787191460974100       1.0109943823831591
     656.3789192795196641       0.9098864634525236
     656.3791194129420319       0.9297477216496558
     656.3793195463642860       1.0429791342183954
     656.3795196797865401       1.0698941100866470
     656.3797198132087942       0.9956873397232678
     656.3799199466311620       1.0381930386648577
     656.3801200800534161       1.0306705322879417
     656.3803202134756702       0.9305667197292831
     656.3805203468979244       1.0116198481637735
     656.3807204803201785       1.0244033820425649
     656.3809206137425463       0.9642527575084974
     656.3811207471648004       1.1222161312236072
     656.3813208805870545       0.9892337922860782
     656.3815210140093086       1.0416133948392226
     656.3817211474316764       1.0775416556545978
     656.3819212808539305       0.9808505124577213
     656.3821214142761846       1.0110650404537156
     656.3823215476984387       1.0479335088581905
     656.3825216811208065       0.8943880876820663
     656.3827218145430606       0.9943783940761968
     656.3829219479653148       0.9870698899831117
     656.3831220813875689       1.0671907124179691
     656.3833222148099367       1.0527166356754742
     656.3835223482321908       0.9467921157950168
     656.3837224816544449       1.0735871528976828
     656.3839226150766990       0.8708650850228513
     656.3841227484990668       1.0996499760247362
     656.3843228819213209       0.9534669234298973
     656.3845230153435750       0.9428941007119712
     656.3847231487658291       1.0007801807268677
     656.3849232821881969       1.0562353307705385
     656.3851234156104510       1.0302523729993491
     656.3853235490327052       1.0436590384924940
     656.3855236824549593       0.9610397054876925
     656.3857238158772134       0.9569682678815785
     656.3859239492995812       1.0295110773441687
     656.3861240827218353       1.0129615802729193
     656.3863242161440894       0.9695725894368892
     656.3865243495663435       1.0359838851637393
     656.3867244829887113       1.0347903699480834
     656.3869246164109654       0.9871858221998303
     656.3871247498332195       1.0294346146134694
     656.3873248832554737       1.0590034678750111
     656.3875250166778414       0.9017457839230377
     656.3877251501000956       0.9912779762093936
     656.3879252835223497       1.0091227422218876
     656.3881254169446038       1.0262379791098459
     656.3883255503669716       1.0878485699318141
     656.3885256837892257       0.9252116829514029
     656.3887258172114798       0.9289977056215460
     656.3889259506337339       0.9375912610158129
     656.3891260840561017       1.0169013160398932
     656.3893262174783558       0.9935574376350568
     656.3895263509006099       1.0142444000437172
     656.3897264843228641       1.0048023169023166
     656.3899266177452319       0.9689222689528356
     656.3901267511674860       0.9882643716558992
     656.3903268845897401       0.9320671377830091
     656.3905270180119942       0.9308674409582343
     656.3907271514343620       1.0079615384411480
     656.3909272848566161       1.0202623878508565
     656.3911274182788702       1.1036350472334826
     656.3913275517011243       0.9707462236555003
     656.3915276851233784       1.0151390120430190
     656.3917278185457462       0.9475283365451292
     656.3919279519680003       0.9738455335691197
     656.3921280853902545       0.9834677287463650
     656.3923282188125086       1.0446170219299309
     656.3925283522348764       0.9981336028435973
     656.3927284856571305       0.9807633303029699
     656.3929286190793846       1.0870611407311666
     656.3931287525016387       0.9850757086871225
     656.3933288859240065       0.9875280772943706
     656.3935290193462606       1.0117368919431677
     656.3937291527685147       0.9397755724466893
     656.3939292861907688       1.0542950376553963
     656.3941294196131366       1.0277795092358586
     656.3943295530353907       0.9614239751067131
     656.3945296864576449       0.9253655301400915
     656.3947298198798990       1.0342359150726250
     656.3949299533022668       0.9281551865859133
     656.3951300867245209       1.0223957874526430
     656.3953302201467750       1.0798294487483766
     656.3955303535690291       0.9680711529768119
     656.3957304869913969       0.9656706408302036
     656.3959306204136510       0.9867785983283497
     656.3961307538359051       1.1710208233349759
     656.3963308872581592       0.9928135803846385
     656.3965310206804133       1.0178171149946693
     656.3967311541027811       0.9377764800729430
     656.3969312875250353       0.9234666988905145
     656.3971314209472894       0.9563140773209411
     656.3973315543695435       0.8973166795323311
     656.3975316877919113       0.8204355386783643
     656.3977318212141654       0.9142381164707936
     656.3979319546364195       0.9375369137866307
     656.3981320880586736       1.0285076919359581
     656.3983322214810414       0.7891618985248811
     656.3985323549032955       0.9172958410336555
     656.3987324883255496       0.9132274335412762
     656.3989326217478038       0.9736688067629750
     656.3991327551701715       0.9687280703143681
     656.3993328885924257       0.7742430448605639
     656.3995330220146798       0.8616811351015270
     656.3997331554369339       0.9156795352179221
     656.3999332888593017       0.8661973227922898
     656.4001334222815558       0.8597956550371827
     656.4003335557038099       0.9712731984680709
     656.4005336891260640       0.7828181626333993
     656.4007338225484318       0.7955505824554678
     656.4009339559706859       0.7491645113376110
     656.4011340893929400       0.8064369168544364
     656.4013342228151942       0.8321606870843087
     656.4015343562375620       0.8186550784064976
     656.4017344896598161       0.8293655320656746
     656.4019346230820702       0.7577262278500120
     656.4021347565043243       0.8312678138090206
     656.4023348899265784       0.7752768363370343
     656.4025350233489462       0.7816475270024268
     656.4027351567712003       0.8009951740439858
     656.4029352901934544       0.8488943139907420
     656.4031354236157085       0.7241694855157541
     656.4033355570380763       0.8018610957666958
     656.4035356904603304       0.8055303019502825
     656.4037358238825846       0.7399930687128267
     656.4039359573048387       0.8747196304809166
     656.4041360907272065       0.7871594722206678
     656.4043362241494606       0.8565374354596547
     656.4045363575717147       0.7524914968630820
     656.4047364909939688       0.8006402239781447
     656.4049366244163366       0.8396170633624458
     656.4051367578385907       0.8362231466061971
     656.4053368912608448       0.7746168491010694
     656.4055370246830989       0.8589075304093503
     656.4057371581054667       0.7857840067700959
     656.4059372915277208       0.8559751542706289
     656.4061374249499750       0.8227759760787805
     656.4063375583722291       0.9001235642454948
     656.4065376917945969       0.8080435904454570
     656.4067378252168510       0.9613238849843274
     656.4069379586391051       0.9036338487737617
     656.4071380920613592       0.8993562484544915
     656.4073382254836133       0.8345914891183931
     656.4075383589059811       0.8669568352663397
     656.4077384923282352       0.8955615147163886
     656.4079386257504893       0.8272403691817227
     656.4081387591727434       0.9647286322029607
     656.4083388925951112       0.8789785220992726
     656.4085390260173654       0.9774071160026566
     656.4087391594396195       0.9434179272907465
     656.4089392928618736       0.9107508386144669
     656.4091394262842414       0.9134696075323714
     656.4093395597064955       0.9288333254301154
     656.4095396931287496       0.9561394923391737
     656.4097398265510037       0.9568581141104410
     656.4099399599733715       0.9622199973123349
     656.4101400933956256       0.9496473545651177
     656.4103402268178797       0.9523352172349552
     656.4105403602401339       0.9188830721180009
     656.4107404936625016       0.9207927177985670
     656.4109406270847558       1.0056756283209243
     656.4111407605070099       0.9397874975388535
     656.4113408939292640       0.8624301960943822
     656.4115410273516318       0.9847959234507435
     656.4117411607738859       1.0417704299725830
     656.4119412941961400       0.9904243970544234
     656.4121414276183941       0.9656117751807678
     656.4123415610407619       1.0003819595360679
     656.4125416944630160       1.0148556699741531
     656.4127418278852701       0.9811042628811056
     656.4129419613075243       0.9837926079415436
     656.4131420947297784       0.9466265493035969
     656.4133422281521462       0.9609859750188816
     656.4135423615744003       0.9568518993387661
     656.4137424949966544       0.9800748025076126
     656.4139426284189085       1.0412363311993664
     656.4141427618412763       1.0652318211584086
     656.4143428952635304       0.9304984280584038
     656.4145430286857845       1.0560177579297598
     656.4147431621080386       0.9638773425552359
     656.4149432955304064       0.9617781931408173
     656.4151434289526605       1.0245689815068508
     656.4153435623749147       1.0311168233385402
     656.4155436957971688       1.0333185216539666
     656.4157438292195366       1.0549565726071672
     656.4159439626417907       1.0121906499591644
     656.4161440960640448       1.0763400810473607
     656.4163442294862989       0.9275423693313996
     656.4165443629086667       1.0672844376558119
     656.4167444963309208       0.9811412803053342
     656.4169446297531749       1.0076665599513934
     656.4171447631754290       1.0487559093254415
     656.4173448965977968       1.0818510601124185
     656.4175450300200509       1.0205309710569106
     656.4177451634423051       1.0402104004348431
     656.4179452968645592       0.9425226374826609
     656.4181454302869270       1.0769100893929522
     656.4183455637091811       0.9441088139940426
     656.4185456971314352       1.0980111389739369
     656.4187458305536893       1.0148431165553129
     656.4189459639759434       1.0071133982377440
     656.4191460973983112       0.9812300774563901
     656.4193462308205653       0.9789340888924862
     656.4195463642428194       0.8756371205590250
     656.4197464976650735       1.0437692648359844
     656.4199466310874413       0.9242417890180247
     656.4201467645096955       0.9362895444917332
     656.4203468979319496       0.9906676082548337
     656.4205470313542037       0.9186638096361652
     656.4207471647765715       1.0303342648147247
     656.4209472981988256       0.9804364916936217
     656.4211474316210797       0.9537280599324091
     656.4213475650433338       1.0185880233046158
     656.4215476984657016       1.0422842420665175
     656.4217478318879557       0.9502998238121962
     656.4219479653102098       1.0539766456495112
     656.4221480987324640       0.9068844758401813
     656.4223482321548317       1.0054903903084205
     656.4225483655770859       1.1088097905062890
     656.4227484989993400       1.0060391236348090
     656.4229486324215941       0.9982998957113176
     656.4231487658439619       1.0200089389916858
     656.4233488992662160       1.1258777325409648
     656.4235490326884701       0.9915264759135675
     656.4237491661107242       0.9525101316737228
     656.4239492995329783       0.9417257692406015
     656.4241494329553461       1.0430540392156018
     656.4243495663776002       1.0657450980214227
     656.4245496997998544       1.0943463066586716
     656.4247498332221085       1.0006049153630194
     656.4249499666444763       0.9755384506760756
     656.4251501000667304       1.0465059428080836
     656.4253502334889845       0.9089151643441234
     656.4255503669112386       0.9187514920349317
     656.4257505003336064       1.0041330624745664
     656.4259506337558605       0.9612278775680524
     656.4261507671781146       1.0035898419551141
     656.4263509006003687       0.9629855888634478
     656.4265510340227365       1.0282072312824391
     656.4267511674449906       1.0218790117445311
     656.4269513008672448       1.0467099985180663
     656.4271514342894989       0.9349349898201805
     656.4273515677118667       0.9949128176149813
     656.4275517011341208       1.0614272023488274
     656.4277518345563749       1.0212267593062343
     656.4279519679786290       1.0895092095922907
     656.4281521014009968       1.0227242135499077
     656.4283522348232509       1.0315054905619254
     656.4285523682455050       1.0281534522725231
     656.4287525016677591       1.0200603729219133
     656.4289526350901269       1.0222588736289673
     656.4291527685123810       1.0605039593647336
     656.4293529019346352       0.9797593539330965
     656.4295530353568893       0.9802110752424049
     656.4297531687791434       1.0699815749017518
     656.4299533022015112       1.0153904658877848
     656.4301534356237653       0.9470802880251802
     656.4303535690460194       0.9479699469692909
     656.4305537024682735       0.9923986857463905
     656.4307538358906413       1.0526176392823050
     656.4309539693128954       1.1046557202786511
     656.4311541027351495       0.9678948596014347
     656.4313542361574036       1.0436451807543436
     656.4315543695797714       0.9348652437276541
     656.4317545030020256       0.9872467294298209
     656.4319546364242797       0.9605375863585592
     656.4321547698465338       1.0034042398892673
     656.4323549032689016       0.9420204944895829
     656.4325550366911557       0.9702706243833921
     656.4327551701134098       0.9360284581774230
     656.4329553035356639       0.9884822275485264
     656.4331554369580317       1.0343536399301887
     656.4333555703802858       0.9654772318897574
     656.4335557038025399       0.8808082789181246
     656.4337558372247940       0.9813254438339691
     656.4339559706471618       1.0903615429996778
     656.4341561040694160       1.0866887494921227
     656.4343562374916701       1.0839217752217936
     656.4345563709139242       1.0105819087475327
     656.4347565043361783       0.9867730513214922
     656.4349566377585461       0.9630918242037200
     656.4351567711808002       1.0774617567658358
     656.4353569046030543       0.9912541620433286
     656.4355570380253084       0.8670630007982224
     656.4357571714476762       1.0235284809023122
     656.4359573048699303       0.9220076128840433
     656.4361574382921845       1.0173081662505856
     656.4363575717144386       1.0181388985365625
     656.4365577051368064       1.1050514578819270
     656.4367578385590605       1.0495740957558153
     656.4369579719813146       0.9684808552265165
     656.4371581054035687       1.0469937175512314
     656.4373582388259365       1.0663227066397667
     656.4375583722481906       1.0360777229070663
     656.4377585056704447       1.0477134063839912
     656.4379586390926988       0.9921500058844686
     656.4381587725150666       0.9509584121406078
     656.4383589059373207       1.0139342071488500
     656.4385590393595749       1.0481010936200619
     656.4387591727818290       1.0981677696108818
     656.4389593062041968       0.9984071857761592
     656.4391594396264509       1.0487226136028767
     656.4393595730487050       1.0563010945916176
     656.4395597064709591       0.9769846145063639
     656.4397598398933269       0.9936451599933207
     656.4399599733155810       1.0277499742805958
     656.4401601067378351       0.9612778313457966
     656.4403602401600892       1.0373829714953899
     656.4405603735823433       0.9499967098236084
     656.4407605070047111       0.9928406071849167
     656.4409606404269653       0.9920425834134221
     656.4411607738492194       0.9738384056836367
     656.4413609072714735       1.0159074086695910
     656.4415610406938413       1.0827675834298134
     656.4417611741160954       0.9810253698378801
     656.4419613075383495       1.0073822862468660
     656.4421614409606036       0.9611766152083874
     656.4423615743829714       0.9835481550544500
     656.4425617078052255       0.9294965565204620
     656.4427618412274796       0.9808321241289377
     656.4429619746497337       1.0043688132427633
     656.4431621080721015       1.0280718244612217
     656.4433622414943557       1.0023045323323458
     656.4435623749166098       1.0026556358207017
     656.4437625083388639       0.8911898732185364
     656.4439626417612317       1.0648912489414215
     656.4441627751834858       0.8868979662656784
     656.4443629086057399       0.9236430525779724
     656.4445630420279940       0.9675682000815868
     656.4447631754503618       1.0122080519795418
     656.4449633088726159       0.9192522987723351
     656.4451634422948700       0.9455493502318859
     656.4453635757171241       1.0201167855411768
     656.4455637091393783       1.0574746802449226
     656.4457638425617461       0.9876582231372595
     656.4459639759840002       1.0911321118474007
     656.4461641094062543       0.9376063831150532
     656.4463642428285084       0.9597935415804386
     656.4465643762508762       0.8872072324156761
     656.4467645096731303       0.9981687811668962
     656.4469646430953844       1.0669224485754967
     656.4471647765176385       0.9174109101295471
     656.4473649099400063       0.9686186760663986
     656.4475650433622604       1.0977505370974541
     656.4477651767845146       1.0918763950467110
     656.4479653102067687       1.1045989319682121
     656.4481654436291365       0.9501473978161812
     656.4483655770513906       0.9888851903378963
     656.4485657104736447       0.9226064682006836
     656.4487658438958988       0.9882140774279833
     656.4489659773182666       0.9297754988074303
     656.4491661107405207       0.9735434222966433
     656.4493662441627748       1.0740842223167419
     656.4495663775850289       0.9822687730193138
     656.4497665110073967       0.9698074869811535
     656.4499666444296508       0.9592356085777283
     656.4501667778519050       0.9442484192550182
     656.4503669112741591       1.0232835523784161
     656.4505670446965269       0.9382803440093994
     656.4507671781187810       1.0089032286778092
     656.4509673115410351       0.9284411966800690
     656.4511674449632892       1.0603147037327290
     656.4513675783855433       0.9526776373386383
     656.4515677118079111       1.0125052705407143
     656.4517678452301652       0.9674318544566631
     656.4519679786524193       0.9489475376904011
     656.4521681120746734       0.9887820342555642
     656.4523682454970412       1.1222732439637184
     656.4525683789192954       0.9745654370635748
     656.4527685123415495       1.0074329385533929
     656.4529686457638036       1.0491433106362820
     656.4531687791861714       0.9713118635118008
     656.4533689126084255       1.0339864380657673
     656.4535690460306796       0.9674973487854004
     656.4537691794529337       0.8519826084375381
     656.4539693128753015       1.0717284008860588
     656.4541694462975556       1.0090145487338305
     656.4543695797198097       0.9983542283298448
     656.4545697131420638       0.9305712357163429
     656.4547698465644316       0.9359267204999924
     656.4549699799866858       0.9712049160152674
     656.4551701134089399       1.0582447461783886
     656.4553702468311940       0.9248109757900238
     656.4555703802535618       0.9905578391626477
     656.4557705136758159       0.9750566128641367
     656.4559706470980700       1.0832188725471497
     656.4561707805203241       1.0826860442757607
     656.4563709139425782       0.9527542665600777
     656.4565710473649460       1.0023426883853972
     656.4567711807872001       0.9762408975511789
     656.4569713142094542       1.0548212006688118
     656.4571714476317084       1.0312308259308338
     656.4573715810540762       0.9745942354202271
     656.4575717144763303       0.9640460237860680
     656.4577718478985844       0.8637952953577042
     656.4579719813208385       0.9931683307513595
     656.4581721147432063       0.9678430370986462
     656.4583722481654604       1.0421533696353436
     656.4585723815877145       0.9687159992754459
     656.4587725150099686       1.0241352748125792
     656.4589726484323364       0.9715504813939333
     656.4591727818545905       0.9950239951722324
     656.4593729152768447       1.0202681832015514
     656.4595730486990988       1.0252316389232874
     656.4597731821214666       1.0481328889727592
     656.4599733155437207       1.1007759720087051
     656.4601734489659748       0.9915985967963934
     656.4603735823882289       1.0514847338199615
     656.4605737158105967       0.9651132375001907
     656.4607738492328508       0.9298926070332527
     656.4609739826551049       0.9942744127474725
     656.4611741160773590       0.8842108845710754
     656.4613742494997268       1.0160680208355188
     656.4615743829219809       0.9654370732605457
     656.4617745163442351       1.0057946029119194
     656.4619746497664892       1.0440258495509624
     656.4621747831887433       0.9510209970176220
     656.4623749166111111       0.9825680479407310
     656.4625750500333652       1.0229905042797327
     656.4627751834556193       0.9683785773813725
     656.4629753168778734       0.9580785855650902
     656.4631754503002412       1.0070855291560292
     656.4633755837224953       1.0355101116001606
     656.4635757171447494       0.9700951278209686
     656.4637758505670035       1.0593599863350391
     656.4639759839893713       1.0215438734740019
     656.4641761174116255       0.9460774995386600
     656.4643762508338796       0.9423133060336113
     656.4645763842561337       0.9721526112407446
     656.4647765176785015       1.0491885431110859
     656.4649766511007556       1.0684132725000381
     656.4651767845230097       0.9627845846116543
     656.4653769179452638       0.9803876820951700
     656.4655770513676316       0.9977404160890728
     656.4657771847898857       1.0143978921696544
     656.4659773182121398       0.9410949051380157
     656.4661774516343939       1.0299791600555182
     656.4663775850567617       1.0133498162031174
     656.4665777184790159       0.9635862633585930
     656.4667778519012700       1.0813422799110413
     656.4669779853235241       0.9841130860149860
     656.4671781187458919       0.9973107180558145
     656.4673782521681460       1.0073765851557255
     656.4675783855904001       0.9150700196623802
     656.4677785190126542       1.0044156103394926
     656.4679786524349083       1.0871968939900398
     656.4681787858572761       0.9935980946756899
     656.4683789192795302       0.9050849825143814
     656.4685790527017843       0.9962300325278193
     656.4687791861240385       1.0203942935913801
     656.4689793195464063       0.9653339833021164
     656.4691794529686604       1.1183714866638184
     656.4693795863909145       1.0476740486919880
     656.4695797198131686       1.0117982197552919
     656.4697798532355364       1.0278458204120398
     656.4699799866577905       1.0101047437638044
     656.4701801200800446       1.0578821599483490
     656.4703802535022987       1.0095313414931297
     656.4705803869246665       1.0320453681051731
     656.4707805203469206       1.0621444657444954
     656.4709806537691748       0.9038979560136795
     656.4711807871914289       1.0473766513168812
     656.4713809206137967       1.0098111825063825
     656.4715810540360508       1.0233641918748617
     656.4717811874583049       0.9878339404240251
     656.4719813208805590       0.9562111832201481
     656.4721814543029268       0.9797213952988386
     656.4723815877251809       1.0518883876502514
     656.4725817211474350       1.0254325605928898
     656.4727818545696891       1.0539500787854195
     656.4729819879919432       0.9836704544723034
     656.4731821214143110       0.9993274950538762
     656.4733822548365652       0.9255690798163414
     656.4735823882588193       1.0527266748249531
     656.4737825216810734       0.9869608134031296
     656.4739826551034412       0.9966767623554915
     656.4741827885256953       0.9880538666620851
     656.4743829219479494       0.8708067983388901
     656.4745830553702035       0.8977099508047104
     656.4747831887925713       1.0136341052129865
     656.4749833222148254       0.9245640113949776
     656.4751834556370795       0.9724725596606731
     656.4753835890593336       0.8591693043708801
     656.4755837224817014       1.0266758836805820
     656.4757838559039556       1.0372385792434216
     656.4759839893262097       1.0525588355958462
     656.4761841227484638       0.9934397414326668
     656.4763842561708316       1.0494324825704098
     656.4765843895930857       1.0423025786876678
     656.4767845230153398       0.9958059955388308
     656.4769846564375939       1.0057451757602394
     656.4771847898599617       1.0132833365350962
     656.4773849232822158       1.0132252722978592
     656.4775850567044699       1.0436914935708046
     656.4777851901267240       1.0413948111236095
     656.4779853235490918       0.9658817388117313
     656.4781854569713460       1.0821045115590096
     656.4783855903936001       1.0828428566455841
     656.4785857238158542       1.0317475982010365
     656.4787858572381083       1.0593878440558910
     656.4789859906604761       1.0333234220743179
     656.4791861240827302       0.8852677419781685
     656.4793862575049843       1.0527938790619373
     656.4795863909272384       1.0691978782415390
     656.4797865243496062       0.9857728788629174
     656.4799866577718603       1.0163392331451178
     656.4801867911941144       1.0455882661044598
     656.4803869246163686       0.9667019918560982
     656.4805870580387364       1.0395945012569427
     656.4807871914609905       1.0719333812594414
     656.4809873248832446       1.0706902816891670
     656.4811874583054987       0.9519079104065895
     656.4813875917278665       0.9551275894045830
     656.4815877251501206       0.9842267446219921
     656.4817878585723747       1.0016414832789451
     656.4819879919946288       1.0576732568442822
     656.4821881254169966       1.0350242964923382
     656.4823882588392507       1.0178157091140747
     656.4825883922615049       0.9662139229476452
     656.4827885256837590       1.0134554952383041
     656.4829886591061268       1.0545600913465023
     656.4831887925283809       0.9230635836720467
     656.4833889259506350       1.0059392722323537
     656.4835890593728891       1.0298994909971952
     656.4837891927951432       0.9497866928577423
     656.4839893262175110       1.0608275793492794
     656.4841894596397651       1.0302527081221342
     656.4843895930620192       0.9789923541247845
     656.4845897264842733       0.9599827155470848
     656.4847898599066411       0.9984575092094019
     656.4849899933288953       0.9975836228113621
     656.4851901267511494       0.9455593749880791
     656.4853902601734035       1.0900652110576630
     656.4855903935957713       1.0250932257622480
     656.4857905270180254       0.9617795236408710
     656.4859906604402795       1.0255665518343449
     656.4861907938625336       0.9381982795894146
     656.4863909272849014       1.0370969846844673
     656.4865910607071555       1.0353337675333023
     656.4867911941294096       1.0900672897696495
     656.4869913275516637       0.9263019561767578
     656.4871914609740315       0.9807217195630074
     656.4873915943962857       0.9736325852572918
     656.4875917278185398       1.0026494127232581
     656.4877918612407939       0.9545879252254963
     656.4879919946631617       1.0052918349392712
     656.4881921280854158       1.0450961627066135
     656.4883922615076699       0.9496553540229797
     656.4885923949299240       1.0906406715512276
     656.4887925283522918       1.0001408532843925
     656.4889926617745459       1.0870250165462494
     656.4891927951968000       1.0123428767547011
     656.4893929286190541       1.0447521507740021
     656.4895930620413083       0.9964482572395355
     656.4897931954636761       1.0465832166373730
     656.4899933288859302       0.9936284860596061
     656.4901934623081843       1.0068670110777020
     656.4903935957304384       1.0120796458795667
     656.4905937291528062       1.0273016281425953
     656.4907938625750603       0.9910650830715895
     656.4909939959973144       1.0216154083609581
     656.4911941294195685       0.9644917920231819
     656.4913942628419363       0.9358765557408333
     656.4915943962641904       1.0647298544645309
     656.4917945296864445       1.0090247038751841
     656.4919946631086987       0.9513508565723896
     656.4921947965310665       1.0587578527629375
     656.4923949299533206       1.0673954337835312
     656.4925950633755747       1.0174519103020430
     656.4927951967978288       0.9942051242105663
     656.4929953302201966       0.9952143435366452
     656.4931954636424507       1.0112684173509479
     656.4933955970647048       0.9445274062454700
     656.4935957304869589       1.0125591801479459
     656.4937958639093267       0.9397728554904461
     656.4939959973315808       0.9329740479588509
     656.4941961307538350       0.9443438760936260
     656.4943962641760891       0.9790376499295235
     656.4945963975983432       1.1084034070372581
     656.4947965310207110       1.0691697150468826
     656.4949966644429651       1.0766201764345169
     656.4951967978652192       1.0819147378206253
     656.4953969312874733       1.0371943227946758
     656.4955970647098411       0.9997511229012161
     656.4957971981320952       0.9973495753947645
     656.4959973315543493       1.0600459054112434
     656.4961974649766034       1.0258320514112711
     656.4963975983989712       1.0014505814760923
     656.4965977318212254       0.9878506492823362
     656.4967978652434795       0.9791771117597818
     656.4969979986657336       0.9342482313513756
     656.4971981320881014       0.9513312019407749
     656.4973982655103555       1.0233864244073629
     656.4975983989326096       0.9518578685820103
     656.4977985323548637       1.0816403627395630
     656.4979986657772315       0.9234576225280762
     656.4981987991994856       0.9336554333567619
     656.4983989326217397       1.0235464610159397
     656.4985990660439938       0.9993732997681946
     656.4987991994663616       0.9912817561998963
     656.4989993328886158       0.9319889321923256
     656.4991994663108699       0.9806409366428852
     656.4993995997331240       1.0025593959726393
     656.4995997331554918       1.0756386071443558
     656.4997998665777459       1.0531533733010292
     656.5000000000000000       1.0870879814028740

