     656.2000000000000455       0.9955092254094779
     656.2002001334222996       1.0279413312673569
     656.2004002668445537       1.0785593912005424
     656.2006004002669215       1.0010334462858737
     656.2008005336891756       0.9687154106795788
     656.2010006671114297       0.9906841153278947
     656.2012008005336838       1.0090489611029625
     656.2014009339560516       0.9951587477698922
     656.2016010673783057       0.9626550488173962
     656.2018012008005599       1.1007348299026489
     656.2020013342228140       1.0195403434336185
     656.2022014676451818       1.0585951022803783
     656.2024016010674359       1.0108014894649386
     656.2026017344896900       0.9614396058022976
     656.2028018679119441       1.0603417344391346
     656.2030020013343119       0.9417118430137634
     656.2032021347565660       0.9795058090239763
     656.2034022681788201       1.0119261862710118
     656.2036024016010742       0.9844308504834771
     656.2038025350234420       0.9508985765278339
     656.2040026684456961       1.0238992515951395
     656.2042028018679503       1.0071622221730649
     656.2044029352902044       1.0011249285889789
     656.2046030687125722       1.0290823038667440
     656.2048032021348263       0.9288248866796494
     656.2050033355570804       1.0339336134493351
     656.2052034689793345       1.0292726755142212
     656.2054036024017023       0.9741810075938702
     656.2056037358239564       0.9708022233098745
     656.2058038692462105       1.0045690722763538
     656.2060040026684646       1.0341143757104874
     656.2062041360907187       1.0605047903954983
     656.2064042695130865       1.0055508725345135
     656.2066044029353407       1.0343004390597343
     656.2068045363575948       0.9395364820957184
     656.2070046697798489       1.0622199960052967
     656.2072048032022167       1.0295210834592581
     656.2074049366244708       0.9496815390884876
     656.2076050700467249       0.9361431375145912
     656.2078052034689790       0.9164799824357033
     656.2080053368913468       0.9492419995367527
     656.2082054703136009       1.0398182906210423
     656.2084056037358550       0.9733943697065115
     656.2086057371581092       0.9491146728396416
     656.2088058705804769       0.9663633704185486
     656.2090060040027311       0.9706201758235693
     656.2092061374249852       0.9975033041555434
     656.2094062708472393       0.9138869568705559
     656.2096064042696071       1.0246075447648764
     656.2098065376918612       0.9426855668425560
     656.2100066711141153       0.9453035593032837
     656.2102068045363694       0.9599789865314960
     656.2104069379587372       1.0324255488812923
     656.2106070713809913       1.0036029901821166
     656.2108072048032454       0.9718608204275370
     656.2110073382254996       1.0582655966281891
     656.2112074716477537       1.0020192251540720
     656.2114076050701215       0.9848508173599839
     656.2116077384923756       0.9792167115956545
     656.2118078719146297       1.0687188655138016
     656.2120080053368838       1.0113643584772944
     656.2122081387592516       1.0268108099699020
     656.2124082721815057       0.9679542668163776
     656.2126084056037598       1.0503269545733929
     656.2128085390260139       0.9697737209498882
     656.2130086724483817       1.0374751426279545
     656.2132088058706358       0.9582215696573257
     656.2134089392928900       0.9372358396649361
     656.2136090727151441       0.9100313559174538
     656.2138092061375119       0.9283399805426598
     656.2140093395597660       0.9500210210680962
     656.2142094729820201       0.9926907122135162
     656.2144096064042742       0.9988178528146818
     656.2146097398266420       1.0463347174227238
     656.2148098732488961       1.0579468421638012
     656.2150100066711502       1.0477770194411278
     656.2152101400934043       0.9869715766981244
     656.2154102735157721       0.9684650935232639
     656.2156104069380262       0.9140636995434761
     656.2158105403602804       1.0081671401858330
     656.2160106737825345       1.0510135777294636
     656.2162108072049023       1.0188358034938574
     656.2164109406271564       0.9268308207392693
     656.2166110740494105       1.0281984843313694
     656.2168112074716646       0.9242820739746094
     656.2170113408939187       1.0115820681676269
     656.2172114743162865       1.0447357855737209
     656.2174116077385406       1.0176177807152271
     656.2176117411607947       1.0069886981509626
     656.2178118745830488       0.9328109622001648
     656.2180120080054166       0.9724490307271481
     656.2182121414276708       1.0389400161802769
     656.2184122748499249       1.0120415193960071
     656.2186124082721790       0.9542282484471798
     656.2188125416945468       1.1038030758500099
     656.2190126751168009       0.9709517415612936
     656.2192128085390550       0.9970074109733105
     656.2194129419613091       1.0129622882232070
     656.2196130753836769       0.9910436533391476
     656.2198132088059310       1.0301021430641413
     656.2200133422281851       1.0700483173131943
     656.2202134756504392       1.0200913175940514
     656.2204136090728070       0.9814338181167841
     656.2206137424950612       1.0109031656756997
     656.2208138759173153       0.9785939399152994
     656.2210140093395694       1.0234700199216604
     656.2212141427619372       0.9117065444588661
     656.2214142761841913       1.0315642319619656
     656.2216144096064454       1.0153776630759239
     656.2218145430286995       1.0604073107242584
     656.2220146764509536       1.0596227124333382
     656.2222148098733214       0.9764796588569880
     656.2224149432955755       1.0438535474240780
     656.2226150767178297       0.9532898701727390
     656.2228152101400838       1.0737266018986702
     656.2230153435624516       0.9901736164465547
     656.2232154769847057       1.1030838489532471
     656.2234156104069598       1.0146043142303824
     656.2236157438292139       1.0287543721497059
     656.2238158772515817       0.9896689597517252
     656.2240160106738358       1.0702218040823936
     656.2242161440960899       1.0253609847277403
     656.2244162775183440       1.0524160563945770
     656.2246164109407118       0.9865088369697332
     656.2248165443629659       0.9968862899113446
     656.2250166777852201       0.9887682721018791
     656.2252168112074742       0.9618996605277061
     656.2254169446298420       0.9973274008370936
     656.2256170780520961       1.0469048582017422
     656.2258172114743502       0.9528530910611153
     656.2260173448966043       0.9244457781314850
     656.2262174783189721       1.0132263666018844
     656.2264176117412262       0.9521054737269878
     656.2266177451634803       1.0187711231410503
     656.2268178785857344       0.9654011912643909
     656.2270180120081022       1.0008704063366167
     656.2272181454303563       0.9526332840323448
     656.2274182788526105       0.9569103159010410
     656.2276184122748646       0.9906658995896578
     656.2278185456971187       0.9568481743335724
     656.2280186791194865       0.9845253499224782
     656.2282188125417406       1.0001324689219473
     656.2284189459639947       1.0823260769248009
     656.2286190793862488       1.0632284358143806
     656.2288192128086166       1.0297060944139957
     656.2290193462308707       1.0888953655958176
     656.2292194796531248       1.0030000254046172
     656.2294196130753789       1.0133777400478721
     656.2296197464977467       0.9738280382007360
     656.2298198799200009       1.0603240393102169
     656.2300200133422550       0.9630088992416859
     656.2302201467645091       1.0555800907313824
     656.2304202801868769       1.0314575769007206
     656.2306204136091310       0.9695051070302725
     656.2308205470313851       0.9642205238342285
     656.2310206804536392       0.9860582454130054
     656.2312208138760070       0.9839173201471567
     656.2314209472982611       1.0394994951784611
     656.2316210807205152       1.0050093499012291
     656.2318212141427693       0.9356013536453247
     656.2320213475651371       0.9606512971222401
     656.2322214809873913       1.0883148089051247
     656.2324216144096454       0.9567715451121330
     656.2326217478318995       0.9758271332830191
     656.2328218812541536       1.1155381798744202
     656.2330220146765214       0.9583656638860703
     656.2332221480987755       1.0370677188038826
     656.2334222815210296       0.9123069047927856
     656.2336224149432837       1.0293909795582294
     656.2338225483656515       0.9503762573003769
     656.2340226817879056       1.0499941855669022
     656.2342228152101598       0.9455634281039238
     656.2344229486324139       0.9975969260558486
     656.2346230820547817       0.9492903351783752
     656.2348232154770358       0.9362405613064766
     656.2350233488992899       1.0264578498899937
     656.2352234823215440       0.9970894120633602
     656.2354236157439118       0.9941696464084089
     656.2356237491661659       0.9831659533083439
     656.2358238825884200       1.0208232700824738
     656.2360240160106741       0.9280028715729713
     656.2362241494330419       1.0947687551379204
     656.2364242828552960       1.0830661132931709
     656.2366244162775502       0.9717831853777170
     656.2368245496998043       0.9223053306341171
     656.2370246831221721       1.0475396364927292
     656.2372248165444262       1.0042144260369241
     656.2374249499666803       1.0502123422920704
     656.2376250833889344       0.9322422519326210
     656.2378252168113022       1.0276845525950193
     656.2380253502335563       1.0276428703218699
     656.2382254836558104       1.0215809196233749
     656.2384256170780645       0.9504319913685322
     656.2386257505003186       1.0378486402332783
     656.2388258839226864       0.9685173444449902
     656.2390260173449406       1.0054521011188626
     656.2392261507671947       1.0316812060773373
     656.2394262841894488       0.9864429635927081
     656.2396264176118166       1.0112747214734554
     656.2398265510340707       0.9788556750863791
     656.2400266844563248       0.9981373684713617
     656.2402268178785789       1.0403240323066711
     656.2404269513009467       1.0335582606494427
     656.2406270847232008       1.0172215942293406
     656.2408272181454549       1.0183217246085405
     656.2410273515677090       1.0356453135609627
     656.2412274849900768       0.9959032889455557
     656.2414276184123310       1.0923009142279625
     656.2416277518345851       1.0374701432883739
     656.2418278852568392       1.0174659695476294
     656.2420280186792070       1.0765767991542816
     656.2422281521014611       1.0134947448968887
     656.2424282855237152       1.0143672404810786
     656.2426284189459693       1.0615273602306843
     656.2428285523683371       0.9617238976061344
     656.2430286857905912       0.9679495878517628
     656.2432288192128453       1.0422329939901829
     656.2434289526350994       0.9843163955956697
     656.2436290860574672       0.9210024997591972
     656.2438292194797214       1.0017456546192989
     656.2440293529019755       1.0002731544664130
     656.2442294863242296       0.9511529952287674
     656.2444296197464837       0.9483783654868603
     656.2446297531688515       0.9774483758956194
     656.2448298865911056       1.0507985614240170
     656.2450300200133597       1.0288921799510717
     656.2452301534356138       0.8918574452400208
     656.2454302868579816       1.0242317225784063
     656.2456304202802357       0.9886598279699683
     656.2458305537024899       1.0592934302985668
     656.2460306871247440       0.9734592288732529
     656.2462308205471118       1.0148885939270258
     656.2464309539693659       1.0612859390676022
     656.2466310873916200       0.9733228255063295
     656.2468312208138741       1.0402126200497150
     656.2470313542362419       0.9254187569022179
     656.2472314876584960       0.9650510028004646
     656.2474316210807501       1.0020404029637575
     656.2476317545030042       0.9227874800562859
     656.2478318879253720       0.9500091560184956
     656.2480320213476261       1.0021474242676049
     656.2482321547698803       1.0035870813298970
     656.2484322881921344       0.9943995214998722
     656.2486324216145022       0.9994415868422948
     656.2488325550367563       1.0635565966367722
     656.2490326884590104       1.0244472920894623
     656.2492328218812645       1.0468948893249035
     656.2494329553035186       0.9842974934726954
     656.2496330887258864       0.9979872384574264
     656.2498332221481405       1.0139236226677895
     656.2500333555703946       0.9814438447356224
     656.2502334889926487       0.8685621768236160
     656.2504336224150165       0.9324921444058418
     656.2506337558372707       0.9933805540204048
     656.2508338892595248       0.9993302606162615
     656.2510340226817789       1.0639868304133415
     656.2512341561041467       0.9980750895338133
     656.2514342895264008       1.0233893599361181
     656.2516344229486549       1.0255667772144079
     656.2518345563709090       0.9343052431941032
     656.2520346897932768       0.9862475739791989
     656.2522348232155309       0.9514003731310368
     656.2524349566377850       0.9708185363560915
     656.2526350900600391       1.1010702028870583
     656.2528352234824069       1.1326561421155930
     656.2530353569046611       1.0150533067062497
     656.2532354903269152       0.9706327710300684
     656.2534356237491693       0.9526501186192036
     656.2536357571715371       0.9886812157928944
     656.2538358905937912       0.9584766440093517
     656.2540360240160453       0.9857258731499314
     656.2542361574382994       0.9989425643580034
     656.2544362908606672       0.9941137796267867
     656.2546364242829213       1.0423738807439804
     656.2548365577051754       0.9965746256057173
     656.2550366911274295       1.0449398197233677
     656.2552368245496837       0.9367464706301689
     656.2554369579720515       1.1518946141004562
     656.2556370913943056       0.9988859612494707
     656.2558372248165597       1.0050329728983343
     656.2560373582388138       1.0483086258172989
     656.2562374916611816       0.9259888529777527
     656.2564376250834357       0.9644165113568306
     656.2566377585056898       0.9500752650201321
     656.2568378919279439       0.9340146631002426
     656.2570380253503117       1.0338692925870419
     656.2572381587725658       0.9525300897657871
     656.2574382921948200       0.9395835138857365
     656.2576384256170741       0.9869906809180975
     656.2578385590394419       0.9561326988041401
     656.2580386924616960       0.9364292398095131
     656.2582388258839501       0.9822908863425255
     656.2584389593062042       0.9306450262665749
     656.2586390927285720       0.9726159721612930
     656.2588392261508261       1.0552639253437519
     656.2590393595730802       1.0807695314288139
     656.2592394929953343       1.0165639761835337
     656.2594396264177021       1.0190689768642187
     656.2596397598399562       1.0255396217107773
     656.2598398932622104       1.0753449946641922
     656.2600400266844645       0.9291537404060364
     656.2602401601067186       1.0300165545195341
     656.2604402935290864       0.9554635249078274
     656.2606404269513405       0.8997590988874435
     656.2608405603735946       1.0161200147122145
     656.2610406937958487       1.0069534792564809
     656.2612408272182165       0.9747144132852554
     656.2614409606404706       0.9154711663722992
     656.2616410940627247       1.0011272936826572
     656.2618412274849788       0.9645554348826408
     656.2620413609073466       0.9954402595758438
     656.2622414943296008       1.0014114957302809
     656.2624416277518549       1.0797629281878471
     656.2626417611741090       0.9467255361378193
     656.2628418945964768       1.0550749376416206
     656.2630420280187309       1.0735078603029251
     656.2632421614409850       0.9953208300285041
     656.2634422948632391       0.9954233597964048
     656.2636424282856069       0.9880460528656840
     656.2638425617078610       1.0248736608773470
     656.2640426951301151       1.0100952843204141
     656.2642428285523692       0.9424763619899750
     656.2644429619747370       1.0106820780783892
     656.2646430953969912       1.0312033146619797
     656.2648432288192453       1.0003081657050643
     656.2650433622414994       1.1092434078454971
     656.2652434956638672       0.9631178528070450
     656.2654436290861213       1.0052538053132594
     656.2656437625083754       0.9619829542934895
     656.2658438959306295       0.9786638990044594
     656.2660440293528836       1.0426129624247551
     656.2662441627752514       0.8992459401488304
     656.2664442961975055       1.0217342134565115
     656.2666444296197596       1.0653504058718681
     656.2668445630420138       1.0676262527704239
     656.2670446964643816       0.9614163339138031
     656.2672448298866357       1.0614331327378750
     656.2674449633088898       1.0332683213055134
     656.2676450967311439       0.9931903448887169
     656.2678452301535117       0.9474296607077122
     656.2680453635757658       1.0529967211186886
     656.2682454969980199       0.9853298226371408
     656.2684456304202740       0.9443406388163567
     656.2686457638426418       0.9207091480493546
     656.2688458972648959       1.0277062635868788
     656.2690460306871501       1.0374998524785042
     656.2692461641094042       0.9403283484280109
     656.2694462975317720       1.0762268677353859
     656.2696464309540261       0.9571571238338947
     656.2698465643762802       0.9701277166604996
     656.2700466977985343       0.9802206829190254
     656.2702468312209021       1.0575741231441498
     656.2704469646431562       0.9681250043213367
     656.2706470980654103       1.0603115521371365
     656.2708472314876644       1.0081674940884113
     656.2710473649099185       0.9599990397691727
     656.2712474983322863       1.0813401564955711
     656.2714476317545405       0.9910378111526370
     656.2716477651767946       0.9409876354038715
     656.2718478985990487       1.0197504516690969
     656.2720480320214165       0.9957930897362530
     656.2722481654436706       0.9692460112273693
     656.2724482988659247       1.0791357681155205
     656.2726484322881788       0.9818684477359056
     656.2728485657105466       0.9907064046710730
     656.2730486991328007       1.0271955020725727
     656.2732488325550548       0.9224958643317223
     656.2734489659773089       1.0182449668645859
     656.2736490993996767       1.0408217050135136
     656.2738492328219309       0.9111527875065804
     656.2740493662441850       0.9993788222200237
     656.2742494996664391       1.0372008346021175
     656.2744496330888069       1.0264825075864792
     656.2746497665110610       0.9629429467022419
     656.2748498999333151       0.8993135914206505
     656.2750500333555692       0.9830969665199518
     656.2752501667779370       0.9774122796952724
     656.2754503002001911       0.9848700882866979
     656.2756504336224452       0.9400190226733685
     656.2758505670446993       1.0002254171849927
     656.2760507004670671       0.9742652345448732
     656.2762508338893213       0.9755475874990225
     656.2764509673115754       1.0318378731608391
     656.2766511007338295       0.9847147399559617
     656.2768512341560836       1.0210508275777102
     656.2770513675784514       0.9969731592573225
     656.2772515010007055       0.9946746071800590
     656.2774516344229596       1.0059200874529779
     656.2776517678452137       1.0177883896976709
     656.2778519012675815       1.0315695218741894
     656.2780520346898356       0.9313555359840393
     656.2782521681120897       1.0009495294070803
     656.2784523015343439       1.0122459148988128
     656.2786524349567117       0.9621009677648544
     656.2788525683789658       0.9638958312571049
     656.2790527018012199       0.9030871167778969
     656.2792528352234740       0.9328211173415184
     656.2794529686458418       0.9224153608083725
     656.2796531020680959       0.9613246768712997
     656.2798532354903500       1.0461513884365559
     656.2800533689126041       0.9168944358825684
     656.2802535023349719       0.9805770833045244
     656.2804536357572260       1.0296226590871811
     656.2806537691794802       0.9353647008538246
     656.2808539026017343       0.9425197653472424
     656.2810540360241021       1.0443230122327805
     656.2812541694463562       1.0291748885065317
     656.2814543028686103       1.0190337020903826
     656.2816544362908644       0.9844222413375974
     656.2818545697131185       1.0366668067872524
     656.2820547031354863       1.0457516498863697
     656.2822548365577404       1.1226603314280510
     656.2824549699799945       1.0027286824770272
     656.2826551034022486       0.8743093907833099
     656.2828552368246164       0.9994855542317964
     656.2830553702468706       0.9948358647525311
     656.2832555036691247       1.0617622695863247
     656.2834556370913788       1.0300313718616962
     656.2836557705137466       1.0686379894614220
     656.2838559039360007       1.0149622848257422
     656.2840560373582548       0.9821034464985132
     656.2842561707805089       1.0366314686834812
     656.2844563042028767       0.9281525537371635
     656.2846564376251308       0.9364550709724426
     656.2848565710473849       0.9410958401858807
     656.2850567044696390       0.9180341437458992
     656.2852568378920068       0.8948983997106552
     656.2854569713142610       0.9865023000165820
     656.2856571047365151       1.0305856224149466
     656.2858572381587692       0.9943248857744038
     656.2860573715811370       0.9831896573305130
     656.2862575050033911       1.0553495474159718
     656.2864576384256452       0.9997646939009428
     656.2866577718478993       1.0150072267279029
     656.2868579052702671       0.9337387755513191
     656.2870580386925212       0.9417625553905964
     656.2872581721147753       0.9956100885756314
     656.2874583055370294       0.9886699430644512
     656.2876584389592836       0.9920943332836032
     656.2878585723816514       0.9211698099970818
     656.2880587058039055       0.9240078032016754
     656.2882588392261596       0.9454890824854374
     656.2884589726484137       0.9901671521365643
     656.2886591060707815       1.0012589863035828
     656.2888592394930356       0.9336806088685989
     656.2890593729152897       0.9498827084898949
     656.2892595063375438       1.0377860590815544
     656.2894596397599116       1.0000204697826121
     656.2896597731821657       0.9608618803322315
     656.2898599066044198       1.0498167425394058
     656.2900600400266740       1.0613069608807564
     656.2902601734490418       1.0099361427128315
     656.2904603068712959       0.9862282751128078
     656.2906604402935500       0.9568432457745075
     656.2908605737158041       0.9577246308326721
     656.2910607071381719       1.0831358507275581
     656.2912608405604260       0.9901693575084209
     656.2914609739826801       1.0481669567525387
     656.2916611074049342       1.0027124122716486
     656.2918612408273020       1.0607226006686687
     656.2920613742495561       0.9370350316166878
     656.2922615076718103       1.0465072952210903
     656.2924616410940644       0.8515892326831818
     656.2926617745164322       0.9407475106418133
     656.2928619079386863       1.0164189841598272
     656.2930620413609404       0.9233704656362534
     656.2932621747831945       1.0883070155978203
     656.2934623082054486       0.9310191646218300
     656.2936624416278164       0.9848461793735623
     656.2938625750500705       1.0996874347329140
     656.2940627084723246       0.9836827125400305
     656.2942628418945787       0.9958326444029808
     656.2944629753169465       1.0013971519656479
     656.2946631087392007       1.1076092645525932
     656.2948632421614548       0.9644854627549648
     656.2950633755837089       1.0739004313945770
     656.2952635090060767       1.0005528616602533
     656.2954636424283308       0.9640217497944832
     656.2956637758505849       0.9501035548746586
     656.2958639092728390       0.9874664302915335
     656.2960640426952068       0.9870470957830548
     656.2962641761174609       1.0257034357637167
     656.2964643095397150       1.0090927304700017
     656.2966644429619691       1.0653787702322006
     656.2968645763843369       1.0127202887088060
     656.2970647098065911       1.0700569152832031
     656.2972648432288452       1.0151193356141448
     656.2974649766510993       0.9752898886799812
     656.2976651100734671       0.9369441121816635
     656.2978652434957212       0.9765218961983919
     656.2980653769179753       1.1324874758720398
     656.2982655103402294       0.9985245491843671
     656.2984656437624835       1.0591305755078793
     656.2986657771848513       0.9178744927048683
     656.2988659106071054       1.0157820601016283
     656.2990660440293595       1.0126976473256946
     656.2992661774516137       1.0062718079425395
     656.2994663108739815       0.9966848213225603
     656.2996664442962356       0.9733493942767382
     656.2998665777184897       0.9771088175475597
     656.3000667111407438       0.9435409121215343
     656.3002668445631116       1.0201869066804647
     656.3004669779853657       0.9384095296263695
     656.3006671114076198       1.0391176380217075
     656.3008672448298739       1.0091647086665034
     656.3010673782522417       0.9970817333087325
     656.3012675116744958       1.0561041422188282
     656.3014676450967499       0.9392666518688202
     656.3016677785190041       0.9718798119574785
     656.3018679119413719       1.0116086006164551
     656.3020680453636260       0.9966296087950468
     656.3022681787858801       1.0498350523412228
     656.3024683122081342       0.9281529337167740
     656.3026684456305020       1.0996640399098396
     656.3028685790527561       1.0524016618728638
     656.3030687124750102       1.0673811286687851
     656.3032688458972643       1.0439869426190853
     656.3034689793196321       0.9620712287724018
     656.3036691127418862       1.0396979749202728
     656.3038692461641403       1.0151528436690569
     656.3040693795863945       0.9460808821022511
     656.3042695130086486       1.0471024028956890
     656.3044696464310164       0.9317686930298805
     656.3046697798532705       1.0490512363612652
     656.3048699132755246       1.0371917448937893
     656.3050700466977787       1.0389492325484753
     656.3052701801201465       1.0582623854279518
     656.3054703135424006       0.9790887702256441
     656.3056704469646547       1.0662232711911201
     656.3058705803869088       1.0366414636373520
     656.3060707138092766       1.0319951362907887
     656.3062708472315308       1.0123217990621924
     656.3064709806537849       0.9525873102247715
     656.3066711140760390       0.8872672915458679
     656.3068712474984068       0.9766435604542494
     656.3070713809206609       0.9672222211956978
     656.3072715143429150       0.9512358456850052
     656.3074716477651691       0.9482136107981205
     656.3076717811875369       1.0700634792447090
     656.3078719146097910       1.0180257111787796
     656.3080720480320451       0.9060700610280037
     656.3082721814542992       0.9338678196072578
     656.3084723148766670       1.0149004254490137
     656.3086724482989212       0.9881080072373152
     656.3088725817211753       1.0667886137962341
     656.3090727151434294       0.9956148560158908
     656.3092728485656835       1.0071746394969523
     656.3094729819880513       1.0448551177978516
     656.3096731154103054       1.0546816401183605
     656.3098732488325595       0.9235779494047165
     656.3100733822548136       0.9941540621221066
     656.3102735156771814       1.0236129686236382
     656.3104736490994355       0.9204423502087593
     656.3106737825216896       1.0598896034061909
     656.3108739159439438       0.8989111557602882
     656.3110740493663116       0.9875364415347576
     656.3112741827885657       1.0995643362402916
     656.3114743162108198       1.0056973933242261
     656.3116744496330739       1.0483455471694469
     656.3118745830554417       0.9512212686240673
     656.3120747164776958       0.9892579894512892
     656.3122748498999499       0.9978996461723000
     656.3124749833222040       0.9275104478001595
     656.3126751167445718       1.0222976990044117
     656.3128752501668259       0.9763787761330605
     656.3130753835890800       0.9599904119968414
     656.3132755170113342       1.0301025509834290
     656.3134756504337020       1.0102297151461244
     656.3136757838559561       1.0044220099225640
     656.3138759172782102       1.0040990747511387
     656.3140760507004643       1.0578016452491283
     656.3142761841228321       1.0499900765717030
     656.3144763175450862       0.9334911182522774
     656.3146764509673403       0.8980275765061378
     656.3148765843895944       1.0761172994971275
     656.3150767178118485       1.0032415885943919
     656.3152768512342163       1.0663091465830803
     656.3154769846564704       1.0558156035840511
     656.3156771180787246       0.9546836800873280
     656.3158772515009787       1.0369822345674038
     656.3160773849233465       0.9892419809475541
     656.3162775183456006       1.0789580196142197
     656.3164776517678547       1.0387243740260601
     656.3166777851901088       0.8561142235994339
     656.3168779186124766       1.0024876324459910
     656.3170780520347307       0.9369570389389992
     656.3172781854569848       0.9197755083441734
     656.3174783188792389       0.9855820294469595
     656.3176784523016067       0.9096473529934883
     656.3178785857238609       0.9724269714206457
     656.3180787191461150       1.0124126207083464
     656.3182788525683691       0.9487581886351109
     656.3184789859907369       1.0433025062084198
     656.3186791194129910       1.0642515122890472
     656.3188792528352451       0.9987435468938202
     656.3190793862574992       1.0119230831041932
     656.3192795196798670       0.9643050320446491
     656.3194796531021211       1.0383823476731777
     656.3196797865243752       1.0575906634330750
     656.3198799199466293       0.9890698147937655
     656.3200800533688835       1.0181694366037846
     656.3202801867912513       1.0116294799372554
     656.3204803202135054       0.9660996049642563
     656.3206804536357595       1.0774821266531944
     656.3208805870580136       1.0050043715164065
     656.3210807204803814       1.0390981398522854
     656.3212808539026355       1.0577483177185059
     656.3214809873248896       0.9864387093111873
     656.3216811207471437       0.9541157074272633
     656.3218812541695115       0.8944747671484947
     656.3220813875917656       1.0201393440365791
     656.3222815210140197       0.9710764903575182
     656.3224816544362739       1.0177857596427202
     656.3226817878586417       0.9159382358193398
     656.3228819212808958       0.9725267142057419
     656.3230820547031499       1.0127798737958074
     656.3232821881254040       0.9895579647272825
     656.3234823215477718       1.0592643693089485
     656.3236824549700259       1.0644546672701836
     656.3238825883922800       1.0540939681231976
     656.3240827218145341       1.0060008601285517
     656.3242828552369019       1.0151797402650118
     656.3244829886591560       1.0284055918455124
     656.3246831220814101       1.0472886897623539
     656.3248832555036643       1.0368608757853508
     656.3250833889260321       1.0585459657013416
     656.3252835223482862       0.8914410918951035
     656.3254836557705403       0.9258747845888138
     656.3256837891927944       1.0385269559919834
     656.3258839226150485       1.0102498689666390
     656.3260840560374163       0.9581609480082989
     656.3262841894596704       0.9777840375900269
     656.3264843228819245       0.9901283904910088
     656.3266844563041786       1.0200279075652361
     656.3268845897265464       0.9231119900941849
     656.3270847231488005       0.9953272854909301
     656.3272848565710547       0.9089545607566833
     656.3274849899933088       1.0187747273594141
     656.3276851234156766       0.9777259249240160
     656.3278852568379307       1.0121824312955141
     656.3280853902601848       1.0017854841426015
     656.3282855236824389       1.0054191481322050
     656.3284856571048067       1.0513605773448944
     656.3286857905270608       1.1045606359839439
     656.3288859239493149       1.0408643633127213
     656.3290860573715690       0.9414881691336632
     656.3292861907939368       0.9078861251473427
     656.3294863242161910       1.0209637768566608
     656.3296864576384451       1.0227965619415045
     656.3298865910606992       1.0431446209549904
     656.3300867244830670       1.0347360633313656
     656.3302868579053211       1.0007472864817828
     656.3304869913275752       0.9148204028606415
     656.3306871247498293       0.9834115412086248
     656.3308872581721971       1.0294379889965057
     656.3310873915944512       1.0238167922943830
     656.3312875250167053       0.9507350362837315
     656.3314876584389594       1.0643292292952538
     656.3316877918612136       1.0214859172701836
     656.3318879252835814       0.9882470751181245
     656.3320880587058355       0.9622011408209801
     656.3322881921280896       1.0300605203956366
     656.3324883255503437       0.9744851458817720
     656.3326884589727115       0.9718017634004354
     656.3328885923949656       0.9626796543598175
     656.3330887258172197       0.9842765610665083
     656.3332888592394738       1.1149165555834770
     656.3334889926618416       0.9952613404020667
     656.3336891260840957       1.0934353321790695
     656.3338892595063498       1.1124344691634178
     656.3340893929286040       0.9917444735765457
     656.3342895263509718       1.0346077196300030
     656.3344896597732259       0.9829614851623774
     656.3346897931954800       1.0026740361936390
     656.3348899266177341       1.0069283279590309
     656.3350900600401019       0.9660623855888844
     656.3352901934623560       0.9503680355846882
     656.3354903268846101       1.0095713138580322
     656.3356904603068642       1.0260435380041599
     656.3358905937292320       1.0237057469785213
     656.3360907271514861       1.0512454919517040
     656.3362908605737402       1.0039733871817589
     656.3364909939959944       1.0022312742657959
     656.3366911274182485       0.9370982721447945
     656.3368912608406163       1.0227733012288809
     656.3370913942628704       0.9679673723876476
     656.3372915276851245       0.9352244511246681
     656.3374916611073786       1.0220859926193953
     656.3376917945297464       0.9974538544192910
     656.3378919279520005       1.0004203947901260
     656.3380920613742546       1.0449019633233547
     656.3382921947965087       1.0578560940921307
     656.3384923282188765       1.0045553897507489
     656.3386924616411306       1.0013350270455703
     656.3388925950633848       0.9766726940870285
     656.3390927284856389       1.0547292195260525
     656.3392928619080067       1.0207500457763672
     656.3394929953302608       0.9569841958582401
     656.3396931287525149       1.0216504279524088
     656.3398932621747690       1.0445678196847439
     656.3400933955971368       0.9590370245277882
     656.3402935290193909       0.9947198485024273
     656.3404936624416450       0.9409616626799107
     656.3406937958638991       0.9925987212918699
     656.3408939292862669       0.9153503626585007
     656.3410940627085211       0.9678544290363789
     656.3412941961307752       1.0117733785882592
     656.3414943295530293       0.9970358852297068
     656.3416944629753971       1.0007895157905295
     656.3418945963976512       1.1220931187272072
     656.3420947298199053       0.9646679237484932
     656.3422948632421594       1.0039393329061568
     656.3424949966644135       0.9676631614565849
     656.3426951300867813       0.9839481767266989
     656.3428952635090354       1.0024994399864227
     656.3430953969312895       1.0764268413186073
     656.3432955303535437       1.0598499774932861
     656.3434956637759115       0.9884281987324357
     656.3436957971981656       0.9965622953604907
     656.3438959306204197       0.9527659453451633
     656.3440960640426738       0.9657012000679970
     656.3442961974650416       1.0299237854778767
     656.3444963308872957       1.0816703885793686
     656.3446964643095498       0.9665554501116276
     656.3448965977318039       1.0363076776266098
     656.3450967311541717       1.0157711151987314
     656.3452968645764258       0.9721056278795004
     656.3454969979986799       0.9458755142986774
     656.3456971314209341       1.0098463008180261
     656.3458972648433019       1.0055591887794435
     656.3460973982655560       1.0943300127983093
     656.3462975316878101       0.9646475091576576
     656.3464976651100642       1.1019006147980690
     656.3466977985324320       1.0512464940547943
     656.3468979319546861       1.0606921128928661
     656.3470980653769402       1.0504335574805737
     656.3472981987991943       0.9351735934615135
     656.3474983322214484       1.0143422847613692
     656.3476984656438162       1.0043752435594797
     656.3478985990660703       0.9973970337305218
     656.3480987324883245       1.0212625600397587
     656.3482988659105786       0.9187148734927177
     656.3484989993329464       1.0666908398270607
     656.3486991327552005       0.9577430598437786
     656.3488992661774546       1.1081185936927795
     656.3490993995997087       0.9753741659224033
     656.3492995330220765       0.9977720577735454
     656.3494996664443306       0.9982444604393095
     656.3496997998665847       1.0202272478491068
     656.3498999332888388       1.0839929357171059
     656.3501000667112066       1.0447859726846218
     656.3503002001334607       0.9255997613072395
     656.3505003335557149       1.0430180989205837
     656.3507004669779690       1.0364632271230221
     656.3509006004003368       0.9269272163510323
     656.3511007338225909       1.0156651195138693
     656.3513008672448450       1.0540788844227791
     656.3515010006670991       0.9436327703297138
     656.3517011340894669       0.9297137632966042
     656.3519012675117210       1.0047760526649654
     656.3521014009339751       1.0010053336154670
     656.3523015343562292       0.9474053271114826
     656.3525016677785970       0.9239015951752663
     656.3527018012008512       0.9496914930641651
     656.3529019346231053       0.9722264800220728
     656.3531020680453594       1.0190697517246008
     656.3533022014676135       0.9966191153507680
     656.3535023348899813       0.9364671483635902
     656.3537024683122354       0.9892701525241137
     656.3539026017344895       1.0400013774633408
     656.3541027351567436       1.0287856664508581
     656.3543028685791114       0.9788792505860329
     656.3545030020013655       1.0247929301112890
     656.3547031354236196       1.0348930768668652
     656.3549032688458738       0.9667679928243160
     656.3551034022682416       1.0504887066781521
     656.3553035356904957       0.9479027204215527
     656.3555036691127498       0.9714956395328045
     656.3557038025350039       0.9700457174330950
     656.3559039359573717       0.9393290504813194
     656.3561040693796258       0.9401801824569702
     656.3563042028018799       1.0109330955892801
     656.3565043362241340       0.9626648463308811
     656.3567044696465018       0.9843036364763975
     656.3569046030687559       0.9137071445584297
     656.3571047364910100       0.9787708725780249
     656.3573048699132642       1.0378076247870922
     656.3575050033356320       1.0079467492178082
     656.3577051367578861       1.0594232343137264
     656.3579052701801402       0.9571074880659580
     656.3581054036023943       1.0558375790715218
     656.3583055370246484       1.0493942908942699
     656.3585056704470162       0.9736628104001284
     656.3587058038692703       0.9530235864222050
     656.3589059372915244       1.0690256804227829
     656.3591060707137785       1.0427759066224098
     656.3593062041361463       1.0559098385274410
     656.3595063375584004       1.0603636205196381
     656.3597064709806546       1.0045759002678096
     656.3599066044029087       0.9365007504820824
     656.3601067378252765       0.9717696961015463
     656.3603068712475306       1.0253501683473587
     656.3605070046697847       1.0143257258459926
     656.3607071380920388       1.0153210042044520
     656.3609072715144066       0.9944117874838412
     656.3611074049366607       1.0096935881301761
     656.3613075383589148       1.0171679817140102
     656.3615076717811689       1.0307492464780807
     656.3617078052035367       0.9613695293664932
     656.3619079386257908       1.0003644116804935
     656.3621080720480450       1.0933759137988091
     656.3623082054702991       0.9505381584167480
     656.3625083388926669       0.9720666874200106
     656.3627084723149210       0.9717206750065088
     656.3629086057371751       0.9998439536575461
     656.3631087391594292       0.9973004944622517
     656.3633088725817970       0.9393183998763561
     656.3635090060040511       0.9574810974299908
     656.3637091394263052       1.0151682170107961
     656.3639092728485593       0.9754416551440954
     656.3641094062708135       1.0246620997786522
     656.3643095396931813       1.0180159192532301
     656.3645096731154354       1.0391145162284374
     656.3647098065376895       0.9607580862939358
     656.3649099399599436       1.0135731343179941
     656.3651100733823114       1.0285077746957541
     656.3653102068045655       1.0062218192033470
     656.3655103402268196       0.9347763434052467
     656.3657104736490737       0.9976359552238137
     656.3659106070714415       0.9583355002105236
     656.3661107404936956       0.9225542917847632
     656.3663108739159497       0.9240081757307052
     656.3665110073382039       1.0676987618207932
     656.3667111407605717       1.0492602214217184
     656.3669112741828258       0.9953160635195669
     656.3671114076050799       1.0564694777131076
     656.3673115410273340       0.9704846590757362
     656.3675116744497018       0.9229298084974278
     656.3677118078719559       1.0644364207982999
     656.3679119412942100       1.0175140667706701
     656.3681120747164641       1.0112802740186415
     656.3683122081388319       0.9129903763532582
     656.3685123415610860       0.9728947971016084
     656.3687124749833401       0.9498785473406191
     656.3689126084055943       1.1337120383977706
     656.3691127418278484       0.9948973809368638
     656.3693128752502162       1.0035017740446677
     656.3695130086724703       1.1481256783007994
     656.3697131420947244       0.9866568641736254
     656.3699132755169785       0.9053350090979292
     656.3701134089393463       1.0357639044521441
     656.3703135423616004       1.0068490356204287
     656.3705136757838545       0.9603168815370604
     656.3707138092061086       0.9556580856437012
     656.3709139426284764       0.9713291916988414
     656.3711140760507305       1.0397938787925931
     656.3713142094729847       0.9685627184792170
     656.3715143428952388       0.9692784715420879
     656.3717144763176066       1.0540711879697502
     656.3719146097398607       0.9569339714897863
     656.3721147431621148       1.0887441113525282
     656.3723148765843689       1.0332473069336203
     656.3725150100067367       0.9644083939361262
     656.3727151434289908       1.0357807911747550
     656.3729152768512449       1.0229959450402633
     656.3731154102734990       1.0584491975242223
     656.3733155436958668       0.9556005931883450
     656.3735156771181209       1.0492999962755847
     656.3737158105403751       0.9965243834486250
     656.3739159439626292       1.0014456810699124
     656.3741160773849970       0.9758020060118933
     656.3743162108072511       1.0156543513029290
     656.3745163442295052       1.0160462927231357
     656.3747164776517593       0.9236433128588479
     656.3749166110740134       1.0254405786103771
     656.3751167444963812       1.0067130611445942
     656.3753168779186353       1.0467409106555616
     656.3755170113408894       0.9646394273111865
     656.3757171447631436       1.0434607058190914
     656.3759172781855113       0.9993329736036201
     656.3761174116077655       1.0544290389068167
     656.3763175450300196       0.9415037687564108
     656.3765176784522737       0.9995547711450201
     656.3767178118746415       1.0236673589520873
     656.3769179452968956       0.9900608617296374
     656.3771180787191497       0.8843207031050241
     656.3773182121414038       1.0290869571613714
     656.3775183455637716       0.9198415038487935
     656.3777184789860257       1.0373952866018787
     656.3779186124082798       0.9448629701540997
     656.3781187458305340       1.0572791345644217
     656.3783188792529018       0.9785621634215029
     656.3785190126751559       0.9480875980807284
     656.3787191460974100       1.0283783434531828
     656.3789192795196641       0.9145582000023711
     656.3791194129420319       0.9755793626400124
     656.3793195463642860       1.0257962863554542
     656.3795196797865401       0.9547467757463043
     656.3797198132087942       1.0238465168196873
     656.3799199466311620       0.9580174437862922
     656.3801200800534161       0.9125940757787234
     656.3803202134756702       0.9925816258155868
     656.3805203468979244       1.0613499089115486
     656.3807204803201785       1.0767380278350767
     656.3809206137425463       1.0751119673940777
     656.3811207471648004       0.9116193417031637
     656.3813208805870545       1.0900745914055108
     656.3815210140093086       0.9513318253983405
     656.3817211474316764       1.0296583846366771
     656.3819212808539305       1.0505581290695469
     656.3821214142761846       0.9786104159451748
     656.3823215476984387       1.1022342930489348
     656.3825216811208065       1.0563177103978165
     656.3827218145430606       1.0472906292200790
     656.3829219479653148       0.9802216507616019
     656.3831220813875689       0.9623965575696389
     656.3833222148099367       0.9668351616405276
     656.3835223482321908       0.9846981813771326
     656.3837224816544449       0.9256509823343695
     656.3839226150766990       0.9835968825608922
     656.3841227484990668       1.0307828956804412
     656.3843228819213209       0.9696416839190476
     656.3845230153435750       0.9947067699622547
     656.3847231487658291       1.0071492833235602
     656.3849232821881969       0.9710056813899454
     656.3851234156104510       1.0745720695776848
     656.3853235490327052       1.0340865699843578
     656.3855236824549593       1.1089511249790878
     656.3857238158772134       1.0109685121567680
     656.3859239492995812       1.0027966720442640
     656.3861240827218353       1.0679314699564126
     656.3863242161440894       0.9498103771958892
     656.3865243495663435       1.0013064506166476
     656.3867244829887113       0.9158035772617914
     656.3869246164109654       1.0386563162448579
     656.3871247498332195       1.0362793803035939
     656.3873248832554737       0.9498841684421467
     656.3875250166778414       1.0597370843510356
     656.3877251501000956       1.0524288132028281
     656.3879252835223497       0.9720422124990233
     656.3881254169446038       1.0756601555840655
     656.3883255503669716       0.8542690047109169
     656.3885256837892257       1.0119320729249122
     656.3887258172114798       0.9556030202271470
     656.3889259506337339       0.8168797874753012
     656.3891260840561017       1.0411339518795937
     656.3893262174783558       1.0300422352715655
     656.3895263509006099       0.9847687348667042
     656.3897264843228641       0.9860746624818097
     656.3899266177452319       0.9879399729037255
     656.3901267511674860       1.0035743697162061
     656.3903268845897401       0.9130198073440754
     656.3905270180119942       1.0152177776791036
     656.3907271514343620       0.9162801018098236
     656.3909272848566161       0.9719499353229195
     656.3911274182788702       1.0545916004738651
     656.3913275517011243       1.0036276643876452
     656.3915276851233784       1.0379216470258046
     656.3917278185457462       0.9770663561616018
     656.3919279519680003       0.9465737243711863
     656.3921280853902545       1.0228940710905263
     656.3923282188125086       1.0107045092793849
     656.3925283522348764       1.0307931892437483
     656.3927284856571305       0.9348312157931935
     656.3929286190793846       0.9798666922183695
     656.3931287525016387       0.9140918577809445
     656.3933288859240065       1.0609736592740242
     656.3935290193462606       0.9807999991149556
     656.3937291527685147       0.9820315848895638
     656.3939292861907688       0.9095032437744479
     656.3941294196131366       0.9610646229022677
     656.3943295530353907       0.9114788247707187
     656.3945296864576449       0.8848572929587757
     656.3947298198798990       0.9097723945519416
     656.3949299533022668       0.9069297562234021
     656.3951300867245209       0.9181716095340849
     656.3953302201467750       0.9888067093135647
     656.3955303535690291       0.9080023038145025
     656.3957304869913969       0.9513123159622436
     656.3959306204136510       0.9140836752248513
     656.3961307538359051       0.8529113303728189
     656.3963308872581592       0.9465714786146378
     656.3965310206804133       0.8447842710611310
     656.3967311541027811       0.8483502797761890
     656.3969312875250353       0.8830385504226694
     656.3971314209472894       0.8171351305908046
     656.3973315543695435       0.8840426214232964
     656.3975316877919113       0.8779855136691089
     656.3977318212141654       0.7916747720273807
     656.3979319546364195       0.8132351820042357
     656.3981320880586736       0.8015539031580649
     656.3983322214810414       0.8971377577053037
     656.3985323549032955       0.8130774421350023
     656.3987324883255496       0.9193261866344871
     656.3989326217478038       0.8669923524685935
     656.3991327551701715       0.8478084922407704
     656.3993328885924257       0.7443608475134125
     656.3995330220146798       0.8046093343804420
     656.3997331554369339       0.8194498942892328
     656.3999332888593017       0.7175387340686864
     656.4001334222815558       0.8321745371255700
     656.4003335557038099       0.8969063065804457
     656.4005336891260640       0.9166782721491992
     656.4007338225484318       0.7855354418440819
     656.4009339559706859       0.7969519777937921
     656.4011340893929400       0.8433189933795375
     656.4013342228151942       0.8658884395296894
     656.4015343562375620       0.8035707483056350
     656.4017344896598161       0.8548834950422812
     656.4019346230820702       0.8397476016360802
     656.4021347565043243       0.8218520166258756
     656.4023348899265784       0.8747418048050464
     656.4025350233489462       0.8062736152990893
     656.4027351567712003       0.8850836669875428
     656.4029352901934544       0.8692887697693548
     656.4031354236157085       0.8683217943201076
     656.4033355570380763       0.8881980425731480
     656.4035356904603304       0.8768967797337193
     656.4037358238825846       0.7572674788785967
     656.4039359573048387       0.8956080478321327
     656.4041360907272065       0.9045030712397100
     656.4043362241494606       0.8959458421175855
     656.4045363575717147       0.8200856071715128
     656.4047364909939688       0.9154070138406564
     656.4049366244163366       0.9784963099338434
     656.4051367578385907       0.9474448737661231
     656.4053368912608448       0.8656943882614684
     656.4055370246830989       0.8222975118983475
     656.4057371581054667       0.9526737949810319
     656.4059372915277208       0.9342257603149575
     656.4061374249499750       0.9370251158381231
     656.4063375583722291       0.9802058098984093
     656.4065376917945969       0.9704867902694289
     656.4067378252168510       0.8576996486986288
     656.4069379586391051       0.9652678283976983
     656.4071380920613592       1.0220047724694918
     656.4073382254836133       0.9635281510534925
     656.4075383589059811       0.9557978561170024
     656.4077384923282352       0.9452652161766935
     656.4079386257504893       1.0056302619177162
     656.4081387591727434       0.9810911215433612
     656.4083388925951112       1.0448804731507366
     656.4085390260173654       0.9180208077127950
     656.4087391594396195       0.9500655543573462
     656.4089392928618736       0.9254119698095116
     656.4091394262842414       1.0061957222709448
     656.4093395597064955       1.0035003064097126
     656.4095396931287496       0.9510207560210023
     656.4097398265510037       1.0131162438448595
     656.4099399599733715       0.9826572890195259
     656.4101400933956256       0.9389975660676304
     656.4103402268178797       1.0065112623860699
     656.4105403602401339       1.0230920160918850
     656.4107404936625016       0.8743533628855122
     656.4109406270847558       1.0148885796770906
     656.4111407605070099       0.8946817791275504
     656.4113408939292640       1.0192422318271208
     656.4115410273516318       1.0272155223979207
     656.4117411607738859       1.0645331821384008
     656.4119412941961400       0.9893190416847149
     656.4121414276183941       0.9818807515392651
     656.4123415610407619       1.0167526072437449
     656.4125416944630160       0.9972292119200250
     656.4127418278852701       1.0128456312268228
     656.4129419613075243       1.0190844424905476
     656.4131420947297784       1.0887549617366203
     656.4133422281521462       0.9746681722595262
     656.4135423615744003       0.9449778903060944
     656.4137424949966544       1.0042789935774792
     656.4139426284189085       0.9603399712079687
     656.4141427618412763       1.0501479216418788
     656.4143428952635304       1.0838931863012076
     656.4145430286857845       1.1192152628683636
     656.4147431621080386       0.9944400420067656
     656.4149432955304064       1.0379668531885384
     656.4151434289526605       1.0288638552404885
     656.4153435623749147       1.0762456058799035
     656.4155436957971688       0.9437950556684046
     656.4157438292195366       1.1113181526388531
     656.4159439626417907       1.1277220091494904
     656.4161440960640448       1.0655757139977777
     656.4163442294862989       1.0290866673180954
     656.4165443629086667       1.0796599814512717
     656.4167444963309208       1.0108639537503010
     656.4169446297531749       0.9768334986678370
     656.4171447631754290       1.0010644241689455
     656.4173448965977968       0.9889809363786660
     656.4175450300200509       1.1341319719113261
     656.4177451634423051       0.9990776968471913
     656.4179452968645592       1.0059203786325539
     656.4181454302869270       1.0437415878982290
     656.4183455637091811       1.0044286963711304
     656.4185456971314352       1.0393059480880025
     656.4187458305536893       0.9169671466239055
     656.4189459639759434       1.0509342016917480
     656.4191460973983112       1.0274996815490627
     656.4193462308205653       1.0919035866925149
     656.4195463642428194       0.9465779650107324
     656.4197464976650735       0.9451611079752795
     656.4199466310874413       1.0443222406255661
     656.4201467645096955       0.8699842252373097
     656.4203468979319496       0.9989487001704684
     656.4205470313542037       1.0531097143015558
     656.4207471647765715       0.9468385414345625
     656.4209472981988256       0.9541878155775166
     656.4211474316210797       1.0766664281875860
     656.4213475650433338       1.0213272294893454
     656.4215476984657016       1.0449775359710856
     656.4217478318879557       0.9853026121958517
     656.4219479653102098       1.1059439194292153
     656.4221480987324640       0.9475928344996339
     656.4223482321548317       0.9892609041529394
     656.4225483655770859       1.0551298822676882
     656.4227484989993400       0.9854273313658358
     656.4229486324215941       0.9957483244507664
     656.4231487658439619       1.0432296227649904
     656.4233488992662160       1.0354853873430439
     656.4235490326884701       0.9343979381362703
     656.4237491661107242       0.8955835438015508
     656.4239492995329783       0.9382120267821449
     656.4241494329553461       0.8976778217912713
     656.4243495663776002       0.9738555795785169
     656.4245496997998544       0.9732750735905833
     656.4247498332221085       1.1170270658080135
     656.4249499666444763       0.9404906810632025
     656.4251501000667304       0.9823564454149100
     656.4253502334889845       1.0209032796778921
     656.4255503669112386       1.0054302888409627
     656.4257505003336064       1.0620967110760176
     656.4259506337558605       1.0325082203991596
     656.4261507671781146       0.9558521322008753
     656.4263509006003687       0.9809016566078218
     656.4265510340227365       1.0613582990600570
     656.4267511674449906       0.9255472495820550
     656.4269513008672448       0.9554906040193508
     656.4271514342894989       1.0025041105522892
     656.4273515677118667       0.9973589780155124
     656.4275517011341208       0.9923004419458069
     656.4277518345563749       0.9930122061572654
     656.4279519679786290       1.0293457452165562
     656.4281521014009968       1.0592517442971563
     656.4283522348232509       0.9527329020181321
     656.4285523682455050       1.0562062934026442
     656.4287525016677591       1.0414352342476203
     656.4289526350901269       1.0471485517911978
     656.4291527685123810       0.9134451374406661
     656.4293529019346352       0.9545386917885709
     656.4295530353568893       1.0147791951892404
     656.4297531687791434       1.0052601159548624
     656.4299533022015112       0.9619320221244172
     656.4301534356237653       0.8865213990210721
     656.4303535690460194       1.0083308480679465
     656.4305537024682735       1.0363813042640329
     656.4307538358906413       1.0571077875792736
     656.4309539693128954       1.0723154693841770
     656.4311541027351495       0.8939536288380511
     656.4313542361574036       1.0347702912986203
     656.4315543695797714       1.0790702924132296
     656.4317545030020256       0.9496169723570312
     656.4319546364242797       1.0094894682988502
     656.4321547698465338       1.0310715641826376
     656.4323549032689016       0.9841549266129722
     656.4325550366911557       0.9672626405954354
     656.4327551701134098       0.9679698161780830
     656.4329553035356639       0.9838877562433478
     656.4331554369580317       0.9108618870377538
     656.4333555703802858       1.0620388053357601
     656.4335557038025399       1.0504639260470867
     656.4337558372247940       0.9282523691654204
     656.4339559706471618       1.0356519185006618
     656.4341561040694160       0.9948030174709857
     656.4343562374916701       1.0412166230380535
     656.4345563709139242       1.0077178413048387
     656.4347565043361783       0.9464960806071758
     656.4349566377585461       0.9620397165417671
     656.4351567711808002       0.9877272155135870
     656.4353569046030543       1.0262925829738379
     656.4355570380253084       1.0598807297646999
     656.4357571714476762       1.0035666392650455
     656.4359573048699303       1.0582436881959438
     656.4361574382921845       1.0135409627109766
     656.4363575717144386       1.0657997280359268
     656.4365577051368064       0.9809813275933266
     656.4367578385590605       0.9955364638008177
     656.4369579719813146       0.9069392904639244
     656.4371581054035687       1.0199499353766441
     656.4373582388259365       1.0142183927819133
     656.4375583722481906       1.0509398393332958
     656.4377585056704447       1.0206623468548059
     656.4379586390926988       1.0721453353762627
     656.4381587725150666       1.0502635240554810
     656.4383589059373207       1.0482281409204006
     656.4385590393595749       1.1441812962293625
     656.4387591727818290       0.9947916776873171
     656.4389593062041968       0.9779264554381371
     656.4391594396264509       0.9441560842096806
     656.4393595730487050       0.9630137681961060
     656.4395597064709591       1.0432755053043365
     656.4397598398933269       0.9406262151896954
     656.4399599733155810       1.0144654912874103
     656.4401601067378351       0.9895188109949231
     656.4403602401600892       0.9414488486945629
     656.4405603735823433       1.0596368610858917
     656.4407605070047111       0.9742558058351278
     656.4409606404269653       1.0435629896819592
     656.4411607738492194       0.9957043542526662
     656.4413609072714735       0.9544833786785603
     656.4415610406938413       0.9399915374815464
     656.4417611741160954       0.9681548997759819
     656.4419613075383495       1.0858988091349602
     656.4421614409606036       1.0276529043912888
     656.4423615743829714       1.0121706789359450
     656.4425617078052255       1.0802515074610710
     656.4427618412274796       0.9848722219467163
     656.4429619746497337       1.0402057953178883
     656.4431621080721015       1.0395327843725681
     656.4433622414943557       0.9997440474980976
     656.4435623749166098       1.0759743154048920
     656.4437625083388639       1.0607480816543102
     656.4439626417612317       1.0528293363749981
     656.4441627751834858       1.0075827161781490
     656.4443629086057399       1.0571721307933331
     656.4445630420279940       1.0349440090358257
     656.4447631754503618       1.0401607677340508
     656.4449633088726159       1.0310755521059036
     656.4451634422948700       0.9598695524036884
     656.4453635757171241       1.0215000007301569
     656.4455637091393783       1.0206506568938494
     656.4457638425617461       0.9813118167221546
     656.4459639759840002       1.0175403319299221
     656.4461641094062543       0.9040647447109222
     656.4463642428285084       1.0257859416306019
     656.4465643762508762       0.9803974293172359
     656.4467645096731303       0.9984357707435265
     656.4469646430953844       0.9478552341461182
     656.4471647765176385       1.0584807507693768
     656.4473649099400063       1.1229584366083145
     656.4475650433622604       1.0406892634928226
     656.4477651767845146       1.0197641998529434
     656.4479653102067687       1.0225597359240055
     656.4481654436291365       0.8915306702256203
     656.4483655770513906       0.9602159708738327
     656.4485657104736447       1.0001162162661785
     656.4487658438958988       1.0137809533625841
     656.4489659773182666       1.0729656219482422
     656.4491661107405207       1.0393594987690449
     656.4493662441627748       1.0273906383663416
     656.4495663775850289       0.9695562086999416
     656.4497665110073967       1.0227245893329382
     656.4499666444296508       1.0176707487553358
     656.4501667778519050       0.9834323804825544
     656.4503669112741591       0.9495410248637199
     656.4505670446965269       1.0557952411472797
     656.4507671781187810       1.0437892489135265
     656.4509673115410351       1.0657869055867195
     656.4511674449632892       0.9735472220927477
     656.4513675783855433       0.9972744784317911
     656.4515677118079111       0.9826708193868399
     656.4517678452301652       0.9985355326207355
     656.4519679786524193       0.9494267813861370
     656.4521681120746734       1.0878440290689468
     656.4523682454970412       1.0421121083199978
     656.4525683789192954       0.9969583614729345
     656.4527685123415495       1.0958203002810478
     656.4529686457638036       1.0095043769106269
     656.4531687791861714       0.9867242584004998
     656.4533689126084255       0.9791173432022333
     656.4535690460306796       0.9238611832261086
     656.4537691794529337       0.9907792676240206
     656.4539693128753015       1.0214887522161007
     656.4541694462975556       0.9678437523543835
     656.4543695797198097       1.0115792481228709
     656.4545697131420638       0.9481917917728424
     656.4547698465644316       0.9564035572111607
     656.4549699799866858       0.9395747967064381
     656.4551701134089399       0.9602740965783596
     656.4553702468311940       1.0006063776090741
     656.4555703802535618       1.0216978322714567
     656.4557705136758159       1.0642241537570953
     656.4559706470980700       0.9884985666722059
     656.4561707805203241       0.9840664286166430
     656.4563709139425782       1.0131013365462422
     656.4565710473649460       0.9578192234039307
     656.4567711807872001       1.0119964107871056
     656.4569713142094542       0.9094905629754066
     656.4571714476317084       1.0232698302716017
     656.4573715810540762       1.0736474320292473
     656.4575717144763303       1.0536575391888618
     656.4577718478985844       1.0103532159700990
     656.4579719813208385       0.9933947823010385
     656.4581721147432063       1.0636188760399818
     656.4583722481654604       0.9216042831540108
     656.4585723815877145       1.1126803085207939
     656.4587725150099686       1.0935711339116096
     656.4589726484323364       0.9628465622663498
     656.4591727818545905       0.9645151197910309
     656.4593729152768447       0.9605261608958244
     656.4595730486990988       0.9783760607242584
     656.4597731821214666       0.9551435075700283
     656.4599733155437207       0.9411025233566761
     656.4601734489659748       0.9446875341236591
     656.4603735823882289       0.9851470421999693
     656.4605737158105967       1.0329672209918499
     656.4607738492328508       0.9829116836190224
     656.4609739826551049       0.9965551423374563
     656.4611741160773590       0.9856921015307307
     656.4613742494997268       1.0184925440698862
     656.4615743829219809       0.9620830714702606
     656.4617745163442351       1.0786922872066498
     656.4619746497664892       0.9761550575494766
     656.4621747831887433       1.0345478765666485
     656.4623749166111111       0.9918991746380925
     656.4625750500333652       1.0376801565289497
     656.4627751834556193       1.0286187715828419
     656.4629753168778734       1.0226417742669582
     656.4631754503002412       1.0593522675335407
     656.4633755837224953       0.9572495706379414
     656.4635757171447494       0.9314952343702316
     656.4637758505670035       1.0167705398052931
     656.4639759839893713       1.0145373791456223
     656.4641761174116255       1.0512598119676113
     656.4643762508338796       1.0946527794003487
     656.4645763842561337       1.0175943095237017
     656.4647765176785015       0.9873357638716698
     656.4649766511007556       0.9549750722944736
     656.4651767845230097       1.0508633330464363
     656.4653769179452638       1.0406198278069496
     656.4655770513676316       0.9850607858970761
     656.4657771847898857       0.9967249981127679
     656.4659773182121398       0.9296272471547127
     656.4661774516343939       1.0207439772784710
     656.4663775850567617       1.0119197042658925
     656.4665777184790159       1.0197656676173210
     656.4667778519012700       0.9705104473978281
     656.4669779853235241       1.1164515763521194
     656.4671781187458919       1.0216734986752272
     656.4673782521681460       0.9750133045017719
     656.4675783855904001       0.9388242103159428
     656.4677785190126542       1.0823625847697258
     656.4679786524349083       0.9457021653652191
     656.4681787858572761       0.9977733858395368
     656.4683789192795302       1.0378205738961697
     656.4685790527017843       0.9965187620837241
     656.4687791861240385       0.9761717114597559
     656.4689793195464063       1.0949671417474747
     656.4691794529686604       1.0656530931591988
     656.4693795863909145       0.9868324920535088
     656.4695797198131686       1.0484646894037724
     656.4697798532355364       1.0281190313398838
     656.4699799866577905       1.0037720005493611
     656.4701801200800446       1.0638674646615982
     656.4703802535022987       1.0590768940746784
     656.4705803869246665       1.0304375328123569
     656.4707805203469206       1.0080578578636050
     656.4709806537691748       1.0326994732022285
     656.4711807871914289       1.0461866669356823
     656.4713809206137967       1.0203010197728872
     656.4715810540360508       1.0123523091897368
     656.4717811874583049       1.0366769321262836
     656.4719813208805590       0.9435485601425171
     656.4721814543029268       0.9736964013427496
     656.4723815877251809       1.0419100783765316
     656.4725817211474350       1.0379343070089817
     656.4727818545696891       1.0445191673934460
     656.4729819879919432       1.0375427007675171
     656.4731821214143110       1.0360634662210941
     656.4733822548365652       0.9825941864401102
     656.4735823882588193       0.9602033570408821
     656.4737825216810734       1.0010886605596170
     656.4739826551034412       0.9165123030543327
     656.4741827885256953       1.0416575931012630
     656.4743829219479494       0.9225013926625252
     656.4745830553702035       1.0289293285459280
     656.4747831887925713       1.0134435491636395
     656.4749833222148254       0.9609146378934383
     656.4751834556370795       1.0510434322059155
     656.4753835890593336       1.0260005574673414
     656.4755837224817014       1.0215926840901375
     656.4757838559039556       0.9186190143227577
     656.4759839893262097       0.9813309088349342
     656.4761841227484638       1.0360316969454288
     656.4763842561708316       1.0372093394398689
     656.4765843895930857       0.9498837478458881
     656.4767845230153398       0.9938135305419564
     656.4769846564375939       1.0200855582952499
     656.4771847898599617       0.9962547651957721
     656.4773849232822158       1.0475417487323284
     656.4775850567044699       0.9982193143805489
     656.4777851901267240       0.9683251455426216
     656.4779853235490918       0.9901699163019657
     656.4781854569713460       0.9488395191729069
     656.4783855903936001       0.9426095075905323
     656.4785857238158542       0.9587006792426109
     656.4787858572381083       1.0830396786332130
     656.4789859906604761       1.0433577857911587
     656.4791861240827302       1.0104108629748225
     656.4793862575049843       0.9680999554693699
     656.4795863909272384       0.9980008639395237
     656.4797865243496062       1.0589362084865570
     656.4799866577718603       0.9708714000880718
     656.4801867911941144       0.9164343550801277
     656.4803869246163686       1.0144847631454468
     656.4805870580387364       0.9499320723116398
     656.4807871914609905       1.0206408780068159
     656.4809873248832446       1.0669553875923157
     656.4811874583054987       0.9266020432114601
     656.4813875917278665       1.0507220290601254
     656.4815877251501206       0.9836245514452457
     656.4817878585723747       1.0009855898097157
     656.4819879919946288       0.8624630719423294
     656.4821881254169966       0.9707393739372492
     656.4823882588392507       0.9447233974933624
     656.4825883922615049       1.0140128480270505
     656.4827885256837590       0.9922905489802361
     656.4829886591061268       1.0569461286067963
     656.4831887925283809       1.0076511590741575
     656.4833889259506350       0.9059790521860123
     656.4835890593728891       0.9949978832155466
     656.4837891927951432       1.0181044247001410
     656.4839893262175110       0.9978754138574004
     656.4841894596397651       0.9774068910628557
     656.4843895930620192       1.0427416041493416
     656.4845897264842733       1.1101494804024696
     656.4847898599066411       1.1028867289423943
     656.4849899933288953       1.0580975301563740
     656.4851901267511494       1.0163006652146578
     656.4853902601734035       1.0100888265296817
     656.4855903935957713       0.9849086301401258
     656.4857905270180254       1.0571063570678234
     656.4859906604402795       0.9259864091873169
     656.4861907938625336       0.9798767957836390
     656.4863909272849014       0.9967143237590790
     656.4865910607071555       0.9842113126069307
     656.4867911941294096       0.9869781704619527
     656.4869913275516637       0.9507986269891262
     656.4871914609740315       1.0412156358361244
     656.4873915943962857       1.0678971335291862
     656.4875917278185398       0.9250948876142502
     656.4877918612407939       0.9517537429928780
     656.4879919946631617       1.0102605847641826
     656.4881921280854158       1.0293058454990387
     656.4883922615076699       1.0381891727447510
     656.4885923949299240       1.0177970491349697
     656.4887925283522918       0.9484747983515263
     656.4889926617745459       0.9130431190133095
     656.4891927951968000       0.9789454191923141
     656.4893929286190541       1.0494661219418049
     656.4895930620413083       0.9840272273868322
     656.4897931954636761       0.9473132677376270
     656.4899933288859302       1.0225462131202221
     656.4901934623081843       1.0186829213052988
     656.4903935957304384       0.9712105207145214
     656.4905937291528062       0.9739276189357042
     656.4907938625750603       0.9640857763588428
     656.4909939959973144       1.0025956479366869
     656.4911941294195685       1.1020351201295853
     656.4913942628419363       0.9896179875358939
     656.4915943962641904       0.9682657234370708
     656.4917945296864445       0.9536439701914787
     656.4919946631086987       1.0098317218944430
     656.4921947965310665       1.0856162980198860
     656.4923949299533206       1.0096779661253095
     656.4925950633755747       0.9843352902680635
     656.4927951967978288       1.0499787293374538
     656.4929953302201966       1.0131553579121828
     656.4931954636424507       1.0456562750041485
     656.4933955970647048       1.0314955748617649
     656.4935957304869589       0.9990141236921772
     656.4937958639093267       1.0821040496230125
     656.4939959973315808       1.0027309767901897
     656.4941961307538350       1.0221273433417082
     656.4943962641760891       1.0448541454970837
     656.4945963975983432       1.0056419037282467
     656.4947965310207110       0.9768575020134449
     656.4949966644429651       1.0175835341215134
     656.4951967978652192       1.0003090675163548
     656.4953969312874733       1.0157366190105677
     656.4955970647098411       0.9497322924435139
     656.4957971981320952       0.9436833001673222
     656.4959973315543493       0.9502275176346302
     656.4961974649766034       0.9857537234202027
     656.4963975983989712       1.0791600868105888
     656.4965977318212254       1.0608623214066029
     656.4967978652434795       0.9919687900692225
     656.4969979986657336       0.9815601650625467
     656.4971981320881014       0.9784419741481543
     656.4973982655103555       1.0672579705715179
     656.4975983989326096       0.9937393148429692
     656.4977985323548637       0.9321142807602882
     656.4979986657772315       0.9569056518375874
     656.4981987991994856       0.9565091058611870
     656.4983989326217397       0.9637473151087761
     656.4985990660439938       1.0522784888744354
     656.4987991994663616       0.9736913852393627
     656.4989993328886158       1.0099752731621265
     656.4991994663108699       0.9748547766357660
     656.4993995997331240       0.9850149499252439
     656.4995997331554918       0.9915343523025513
     656.4997998665777459       1.0741691216826439
     656.5000000000000000       0.9943636883981526

