     656.2000000000000455       0.9864011900499463
     656.2002001334222996       0.9549696110188961
     656.2004002668445537       0.9495049305260181
     656.2006004002669215       1.0447065308690071
     656.2008005336891756       0.9995815938164014
     656.2010006671114297       1.0588944032788277
     656.2012008005336838       0.9926841296255589
     656.2014009339560516       1.0384277962148190
     656.2016010673783057       1.0409243032336235
     656.2018012008005599       1.0001664097508183
     656.2020013342228140       1.0032827071845531
     656.2022014676451818       1.0338747613132000
     656.2024016010674359       0.9745569545775652
     656.2026017344896900       1.0325827971100807
     656.2028018679119441       0.9951628791168332
     656.2030020013343119       0.9972697175107896
     656.2032021347565660       0.9510418772697449
     656.2034022681788201       0.9710550121963024
     656.2036024016010742       0.9761950820684433
     656.2038025350234420       1.0388300679624081
     656.2040026684456961       1.0203864444047213
     656.2042028018679503       0.9855864876881242
     656.2044029352902044       0.9781134370714426
     656.2046030687125722       1.0035579644609243
     656.2048032021348263       0.9745673332363367
     656.2050033355570804       0.9758750945329666
     656.2052034689793345       1.0531520843505859
     656.2054036024017023       1.0741874575614929
     656.2056037358239564       1.0580385141074657
     656.2058038692462105       0.9236623123288155
     656.2060040026684646       1.0113784838467836
     656.2062041360907187       0.9575922079384327
     656.2064042695130865       0.9330489113926888
     656.2066044029353407       1.0636082515120506
     656.2068045363575948       1.0397733375430107
     656.2070046697798489       0.9796817470341921
     656.2072048032022167       0.9491405375301838
     656.2074049366244708       1.0230194441974163
     656.2076050700467249       1.0260802246630192
     656.2078052034689790       1.0566483214497566
     656.2080053368913468       1.0303290933370590
     656.2082054703136009       1.0714151561260223
     656.2084056037358550       1.0528216771781445
     656.2086057371581092       1.0916906297206879
     656.2088058705804769       1.0086703822016716
     656.2090060040027311       1.0526457428932190
     656.2092061374249852       1.1489393115043640
     656.2094062708472393       1.0523578301072121
     656.2096064042696071       1.0272906776517630
     656.2098065376918612       0.9637575149536133
     656.2100066711141153       0.9727199319750071
     656.2102068045363694       1.0651279613375664
     656.2104069379587372       1.0302006062120199
     656.2106070713809913       0.9649427421391010
     656.2108072048032454       1.0222450550645590
     656.2110073382254996       0.9930248633027077
     656.2112074716477537       0.9378521256148815
     656.2114076050701215       0.9376154541969299
     656.2116077384923756       1.0488280653953552
     656.2118078719146297       0.9235242605209351
     656.2120080053368838       0.9991677621146664
     656.2122081387592516       0.9735806994140148
     656.2124082721815057       1.0829567164182663
     656.2126084056037598       1.0731303840875626
     656.2128085390260139       0.9743844978511333
     656.2130086724483817       0.9992135905777104
     656.2132088058706358       1.0054594571702182
     656.2134089392928900       0.9557459205389023
     656.2136090727151441       0.9536790139973164
     656.2138092061375119       0.9825689550489187
     656.2140093395597660       0.9645370543003082
     656.2142094729820201       1.0000281774409814
     656.2144096064042742       0.9571743682026863
     656.2146097398266420       1.0225161369889975
     656.2148098732488961       1.0863914638757706
     656.2150100066711502       1.0773951634764671
     656.2152101400934043       0.9051102101802826
     656.2154102735157721       1.0025640223175287
     656.2156104069380262       1.0235085673630238
     656.2158105403602804       1.0324818603694439
     656.2160106737825345       0.9892248548567295
     656.2162108072049023       0.9762571640312672
     656.2164109406271564       0.9137223660945892
     656.2166110740494105       1.0663687661290169
     656.2168112074716646       0.9802174456417561
     656.2170113408939187       0.9930538288317621
     656.2172114743162865       1.0155517002567649
     656.2174116077385406       0.9642931669950485
     656.2176117411607947       0.9989410667913035
     656.2178118745830488       1.0520589314401150
     656.2180120080054166       0.9360810443758965
     656.2182121414276708       0.9672264754772186
     656.2184122748499249       0.9604494087398052
     656.2186124082721790       0.9698328636586666
     656.2188125416945468       0.9520583413541317
     656.2190126751168009       0.9944341168738902
     656.2192128085390550       0.9521027058362961
     656.2194129419613091       1.0224059280008078
     656.2196130753836769       1.0131567167118192
     656.2198132088059310       0.9934338903985918
     656.2200133422281851       1.0173388626426458
     656.2202134756504392       1.0053832698613405
     656.2204136090728070       1.0011749715777114
     656.2206137424950612       1.0147040262818336
     656.2208138759173153       0.9655017852783203
     656.2210140093395694       0.9785736724734306
     656.2212141427619372       0.9444946572184563
     656.2214142761841913       1.0256916973739862
     656.2216144096064454       1.0349905267357826
     656.2218145430286995       1.0295899510383606
     656.2220146764509536       1.0044294586405158
     656.2222148098733214       0.9850430320948362
     656.2224149432955755       1.0495750717818737
     656.2226150767178297       1.0076436931267381
     656.2228152101400838       1.0246631447225809
     656.2230153435624516       0.9358200728893280
     656.2232154769847057       0.8717878907918930
     656.2234156104069598       1.0987820848822594
     656.2236157438292139       1.0471676252782345
     656.2238158772515817       1.1073197051882744
     656.2240160106738358       1.0854928195476532
     656.2242161440960899       0.9914829824119806
     656.2244162775183440       0.9558824971318245
     656.2246164109407118       0.9462758414447308
     656.2248165443629659       0.9914193674921989
     656.2250166777852201       0.9521381594240665
     656.2252168112074742       1.0288696121424437
     656.2254169446298420       0.9517531357705593
     656.2256170780520961       1.0055195633322001
     656.2258172114743502       1.0089207645505667
     656.2260173448966043       0.9924959321506321
     656.2262174783189721       0.9823408424854279
     656.2264176117412262       1.0765663683414459
     656.2266177451634803       0.9974174671806395
     656.2268178785857344       1.0450537018477917
     656.2270180120081022       0.9203746989369392
     656.2272181454303563       1.0011029910529032
     656.2274182788526105       1.0348147861659527
     656.2276184122748646       1.0062888632528484
     656.2278185456971187       1.0126562369987369
     656.2280186791194865       1.0604338608682156
     656.2282188125417406       0.9240489080548286
     656.2284189459639947       1.0672653988003731
     656.2286190793862488       0.8902892246842384
     656.2288192128086166       1.0690554007887840
     656.2290193462308707       1.0305729489773512
     656.2292194796531248       1.0732318907976151
     656.2294196130753789       1.0207216087728739
     656.2296197464977467       1.0568041279911995
     656.2298198799200009       1.0130666149780154
     656.2300200133422550       1.0318715088069439
     656.2302201467645091       0.9783681463450193
     656.2304202801868769       0.9752090908586979
     656.2306204136091310       0.9711774252355099
     656.2308205470313851       1.0396075770258904
     656.2310206804536392       0.9255824387073517
     656.2312208138760070       0.9490005373954773
     656.2314209472982611       0.9971877112984657
     656.2316210807205152       0.9132718741893768
     656.2318212141427693       1.0224752705544233
     656.2320213475651371       0.9754003826528788
     656.2322214809873913       1.0285817142575979
     656.2324216144096454       0.9576863944530487
     656.2326217478318995       0.9775249231606722
     656.2328218812541536       1.0960204303264618
     656.2330220146765214       0.9668968245387077
     656.2332221480987755       0.9194092676043510
     656.2334222815210296       1.0177565105259418
     656.2336224149432837       0.9701009355485439
     656.2338225483656515       1.0104598952457309
     656.2340226817879056       0.9964594061020762
     656.2342228152101598       1.0297119952738285
     656.2344229486324139       1.0004061400832143
     656.2346230820547817       1.0101426644250751
     656.2348232154770358       1.0661759302020073
     656.2350233488992899       0.9948229514993727
     656.2352234823215440       1.0053553883917630
     656.2354236157439118       1.0297460742294788
     656.2356237491661659       1.1303999572992325
     656.2358238825884200       0.9725867062807083
     656.2360240160106741       1.0247331224381924
     656.2362241494330419       0.9240511134266853
     656.2364242828552960       0.9641642943024635
     656.2366244162775502       1.0357721038162708
     656.2368245496998043       1.0138915404677391
     656.2370246831221721       0.9820104837417603
     656.2372248165444262       1.0040637762285769
     656.2374249499666803       1.0354673974215984
     656.2376250833889344       1.1291079074144363
     656.2378252168113022       1.0586748607456684
     656.2380253502335563       1.0947519019246101
     656.2382254836558104       1.0021219914779067
     656.2384256170780645       0.9400298632681370
     656.2386257505003186       1.1271552890539169
     656.2388258839226864       1.0257383044809103
     656.2390260173449406       1.0627060979604721
     656.2392261507671947       1.0015159808099270
     656.2394262841894488       0.9982323484728113
     656.2396264176118166       1.0583032481372356
     656.2398265510340707       0.9988483524648473
     656.2400266844563248       1.0562728829681873
     656.2402268178785789       0.9844210650771856
     656.2404269513009467       0.9424283206462860
     656.2406270847232008       0.9309793859720230
     656.2408272181454549       1.0046632909215987
     656.2410273515677090       1.0348757468163967
     656.2412274849900768       1.0166770499199629
     656.2414276184123310       1.0133427325636148
     656.2416277518345851       0.9065652564167976
     656.2418278852568392       0.9385154768824577
     656.2420280186792070       1.0415683202445507
     656.2422281521014611       0.9780398570001125
     656.2424282855237152       1.0695550218224525
     656.2426284189459693       0.8957421630620956
     656.2428285523683371       1.0408837944269180
     656.2430286857905912       1.0601204596459866
     656.2432288192128453       0.9975364778656512
     656.2434289526350994       0.9681711606681347
     656.2436290860574672       1.0525358319282532
     656.2438292194797214       0.9736916068941355
     656.2440293529019755       0.9833619371056557
     656.2442294863242296       0.9710909221321344
     656.2444296197464837       1.0625703856348991
     656.2446297531688515       0.9394129924476147
     656.2448298865911056       1.0136453034356236
     656.2450300200133597       0.9942602468654513
     656.2452301534356138       0.9698297791182995
     656.2454302868579816       1.0284478645771742
     656.2456304202802357       0.9768382925540209
     656.2458305537024899       1.0771445855498314
     656.2460306871247440       1.0338109470903873
     656.2462308205471118       1.0505732111632824
     656.2464309539693659       0.9352040588855743
     656.2466310873916200       0.9959864551201463
     656.2468312208138741       1.0666782110929489
     656.2470313542362419       1.0122270612046123
     656.2472314876584960       1.0100911604240537
     656.2474316210807501       0.8850003480911255
     656.2476317545030042       1.0735887736082077
     656.2478318879253720       1.0066608088091016
     656.2480320213476261       1.0013228005263954
     656.2482321547698803       0.8926226273179054
     656.2484322881921344       1.0116887120530009
     656.2486324216145022       1.0534436702728271
     656.2488325550367563       1.0071033607237041
     656.2490326884590104       1.0037895955611020
     656.2492328218812645       0.9807486608624458
     656.2494329553035186       1.0949495807290077
     656.2496330887258864       1.0720736756920815
     656.2498332221481405       1.0293846074491739
     656.2500333555703946       0.9929674915038049
     656.2502334889926487       0.9376900121569633
     656.2504336224150165       0.9748428557068110
     656.2506337558372707       0.9700547102838755
     656.2508338892595248       1.0080262338742614
     656.2510340226817789       0.9959674854762852
     656.2512341561041467       0.9295422434806824
     656.2514342895264008       0.9264812543988228
     656.2516344229486549       1.0012658053310588
     656.2518345563709090       0.8870678022503853
     656.2520346897932768       1.0631709396839142
     656.2522348232155309       1.0855727791786194
     656.2524349566377850       0.9761563967913389
     656.2526350900600391       1.0658465325832367
     656.2528352234824069       1.0730331167578697
     656.2530353569046611       1.0632323399186134
     656.2532354903269152       0.9621217474341393
     656.2534356237491693       0.9274995401501656
     656.2536357571715371       1.0170241780579090
     656.2538358905937912       1.0363007746636868
     656.2540360240160453       0.9407486952841282
     656.2542361574382994       1.1118251606822014
     656.2544362908606672       1.0340640805661678
     656.2546364242829213       1.0181294176727533
     656.2548365577051754       0.9994319924735464
     656.2550366911274295       1.0266272258013487
     656.2552368245496837       1.1023421511054039
     656.2554369579720515       0.9655786715447903
     656.2556370913943056       0.9857777804136276
     656.2558372248165597       1.0448357574641705
     656.2560373582388138       1.0347807370126247
     656.2562374916611816       0.9153861775994301
     656.2564376250834357       0.9970539694186300
     656.2566377585056898       1.0370474047958851
     656.2568378919279439       0.9551476053893566
     656.2570380253503117       1.0665666908025742
     656.2572381587725658       0.9449824206531048
     656.2574382921948200       1.1011293306946754
     656.2576384256170741       1.0266388114541769
     656.2578385590394419       0.9587090015411377
     656.2580386924616960       0.9662754274904728
     656.2582388258839501       0.9182336032390594
     656.2584389593062042       1.0346382409334183
     656.2586390927285720       0.9857713505625725
     656.2588392261508261       1.0339404344558716
     656.2590393595730802       1.0083492146804929
     656.2592394929953343       0.9294535890221596
     656.2594396264177021       0.9933993467129767
     656.2596397598399562       1.0726111382246017
     656.2598398932622104       0.9309675395488739
     656.2600400266844645       0.9495416767895222
     656.2602401601067186       1.0582473948597908
     656.2604402935290864       1.0355579257011414
     656.2606404269513405       1.0747230425477028
     656.2608405603735946       0.9447752125561237
     656.2610406937958487       0.8936854451894760
     656.2612408272182165       0.9697000645101070
     656.2614409606404706       0.9262242242693901
     656.2616410940627247       1.0534733645617962
     656.2618412274849788       1.0278103649616241
     656.2620413609073466       1.0110993832349777
     656.2622414943296008       0.9673664830625057
     656.2624416277518549       1.0249336604028940
     656.2626417611741090       0.9033001512289047
     656.2628418945964768       0.9506604000926018
     656.2630420280187309       0.9677547365427017
     656.2632421614409850       1.0300287455320358
     656.2634422948632391       0.9572237543761730
     656.2636424282856069       1.0502505712211132
     656.2638425617078610       1.0772994980216026
     656.2640426951301151       1.1047291383147240
     656.2642428285523692       0.9222899004817009
     656.2644429619747370       1.0025471260305494
     656.2646430953969912       0.9978374473284930
     656.2648432288192453       0.9542270861566067
     656.2650433622414994       0.9719558767974377
     656.2652434956638672       1.0270734783262014
     656.2654436290861213       0.9752472992986441
     656.2656437625083754       0.9278748184442520
     656.2658438959306295       0.9769811239093542
     656.2660440293528836       1.1534720510244370
     656.2662441627752514       0.9498332068324089
     656.2664442961975055       1.0422859936952591
     656.2666444296197596       1.0103214075788856
     656.2668445630420138       1.0466684065759182
     656.2670446964643816       1.0886539220809937
     656.2672448298866357       1.0263462997972965
     656.2674449633088898       1.0428393818438053
     656.2676450967311439       1.0196437891572714
     656.2678452301535117       1.0444633401930332
     656.2680453635757658       0.9849814949557185
     656.2682454969980199       0.9762384686619043
     656.2684456304202740       0.9789453539997339
     656.2686457638426418       0.9926714859902859
     656.2688458972648959       0.9965293123386800
     656.2690460306871501       1.0996330603957176
     656.2692461641094042       0.9066269919276237
     656.2694462975317720       0.9375070035457611
     656.2696464309540261       0.9979067540261894
     656.2698465643762802       0.9999830060060049
     656.2700466977985343       1.0590365193784237
     656.2702468312209021       1.0150573467835784
     656.2704469646431562       0.9257520809769630
     656.2706470980654103       0.9936753972433507
     656.2708472314876644       0.9812914784997702
     656.2710473649099185       1.0007086916011758
     656.2712474983322863       0.9818696994334459
     656.2714476317545405       1.0028494684956968
     656.2716477651767946       1.0634974986314774
     656.2718478985990487       1.0115375090390444
     656.2720480320214165       0.9702037032693624
     656.2722481654436706       0.9720648340880871
     656.2724482988659247       0.9936040616594255
     656.2726484322881788       1.0047520431689918
     656.2728485657105466       1.0644611343741417
     656.2730486991328007       0.9928153380751610
     656.2732488325550548       0.9233910813927650
     656.2734489659773089       1.0431454293429852
     656.2736490993996767       1.0083303162828088
     656.2738492328219309       0.9713577833026648
     656.2740493662441850       0.9967547443229705
     656.2742494996664391       0.9512908644974232
     656.2744496330888069       1.0349273718893528
     656.2746497665110610       0.9588008858263493
     656.2748498999333151       1.0249914769083261
     656.2750500333555692       1.0093795694410801
     656.2752501667779370       1.0313515625894070
     656.2754503002001911       0.9825871996581554
     656.2756504336224452       1.0899919643998146
     656.2758505670446993       0.9626862630248070
     656.2760507004670671       0.9574566967785358
     656.2762508338893213       1.0471183434128761
     656.2764509673115754       0.9262767806649208
     656.2766511007338295       0.9612247683107853
     656.2768512341560836       1.0452651642262936
     656.2770513675784514       0.9786685835570097
     656.2772515010007055       1.0104905124753714
     656.2774516344229596       0.9628286287188530
     656.2776517678452137       1.0541611015796661
     656.2778519012675815       1.0206408631056547
     656.2780520346898356       0.9614054001867771
     656.2782521681120897       0.9774058721959591
     656.2784523015343439       0.9577507525682449
     656.2786524349567117       1.0144099118188024
     656.2788525683789658       1.0649162456393242
     656.2790527018012199       1.0566810369491577
     656.2792528352234740       1.0477257035672665
     656.2794529686458418       1.0539113990962505
     656.2796531020680959       0.9610476642847061
     656.2798532354903500       0.9819566570222378
     656.2800533689126041       1.0509424991905689
     656.2802535023349719       1.0311565455049276
     656.2804536357572260       1.0240127556025982
     656.2806537691794802       0.9897381337359548
     656.2808539026017343       1.0388269536197186
     656.2810540360241021       0.9184445440769196
     656.2812541694463562       0.9163999259471893
     656.2814543028686103       0.9819159004837275
     656.2816544362908644       1.0176853742450476
     656.2818545697131185       1.0627766400575638
     656.2820547031354863       0.9749107565730810
     656.2822548365577404       1.0187179967761040
     656.2824549699799945       0.9850040478631854
     656.2826551034022486       1.0021694439928979
     656.2828552368246164       1.0105419103056192
     656.2830553702468706       1.0538964532315731
     656.2832555036691247       1.0224420540034771
     656.2834556370913788       1.0453629344701767
     656.2836557705137466       1.0269691590219736
     656.2838559039360007       0.9722688365727663
     656.2840560373582548       1.0748662948608398
     656.2842561707805089       1.0209421049803495
     656.2844563042028767       0.9223189428448677
     656.2846564376251308       1.0303324311971664
     656.2848565710473849       1.0820275917649269
     656.2850567044696390       1.0400721840560436
     656.2852568378920068       0.9390243515372276
     656.2854569713142610       0.9903122000396252
     656.2856571047365151       0.9922141036950052
     656.2858572381587692       1.0293515305966139
     656.2860573715811370       0.8921470865607262
     656.2862575050033911       1.0282894577831030
     656.2864576384256452       0.9645832069218159
     656.2866577718478993       1.0196064114570618
     656.2868579052702671       0.9792597498744726
     656.2870580386925212       1.0512896142899990
     656.2872581721147753       0.8745654821395874
     656.2874583055370294       1.0632280930876732
     656.2876584389592836       1.0443623512983322
     656.2878585723816514       1.0264501608908176
     656.2880587058039055       0.9943673578090966
     656.2882588392261596       1.0523367710411549
     656.2884589726484137       0.9710213933140039
     656.2886591060707815       1.0108769666403532
     656.2888592394930356       0.9868413163349032
     656.2890593729152897       0.9663285315036774
     656.2892595063375438       0.9393870122730732
     656.2894596397599116       0.9847480775788426
     656.2896597731821657       0.9695878420025110
     656.2898599066044198       0.9383154623210430
     656.2900600400266740       0.9784563500434160
     656.2902601734490418       1.0667049437761307
     656.2904603068712959       0.9953722478821874
     656.2906604402935500       1.0955025106668472
     656.2908605737158041       0.9989833224099129
     656.2910607071381719       0.9873667834326625
     656.2912608405604260       1.0106991706416011
     656.2914609739826801       1.0215244609862566
     656.2916611074049342       1.0525895431637764
     656.2918612408273020       1.0769686028361320
     656.2920613742495561       1.0022169912699610
     656.2922615076718103       0.9354862868785858
     656.2924616410940644       0.9726445879787207
     656.2926617745164322       0.9641675725579262
     656.2928619079386863       0.9581547677516937
     656.2930620413609404       0.8999627605080605
     656.2932621747831945       1.0210895147174597
     656.2934623082054486       1.0138063179329038
     656.2936624416278164       0.9969013896770775
     656.2938625750500705       1.0270257983356714
     656.2940627084723246       0.9065212085843086
     656.2942628418945787       1.0331371761858463
     656.2944629753169465       1.1047220975160599
     656.2946631087392007       0.9360497072339058
     656.2948632421614548       1.0005618560826406
     656.2950633755837089       0.9840044919401407
     656.2952635090060767       1.0150180263444781
     656.2954636424283308       1.0177050437778234
     656.2956637758505849       0.9886693703010678
     656.2958639092728390       1.0126028722152114
     656.2960640426952068       1.0038872815202922
     656.2962641761174609       0.9402634091675282
     656.2964643095397150       1.0046355850063264
     656.2966644429619691       0.9019414931535721
     656.2968645763843369       1.0629690811038017
     656.2970647098065911       0.9550040587782860
     656.2972648432288452       1.0083558801561594
     656.2974649766510993       1.0222588814795017
     656.2976651100734671       0.9323772341012955
     656.2978652434957212       1.0270782541483641
     656.2980653769179753       0.9446895048022270
     656.2982655103402294       0.9948710678145289
     656.2984656437624835       1.0873746201395988
     656.2986657771848513       0.9365480691194534
     656.2988659106071054       0.9906779509037733
     656.2990660440293595       0.9768417347222567
     656.2992661774516137       1.0167449358850718
     656.2994663108739815       0.9879990238696337
     656.2996664442962356       1.0435209907591343
     656.2998665777184897       0.9391199275851250
     656.3000667111407438       1.0803517401218414
     656.3002668445631116       1.0176317337900400
     656.3004669779853657       0.9541193693876266
     656.3006671114076198       0.9386758096516132
     656.3008672448298739       0.9993855704669841
     656.3010673782522417       1.0057001202367246
     656.3012675116744958       1.0620877817273140
     656.3014676450967499       1.0254586320370436
     656.3016677785190041       0.9574146233499050
     656.3018679119413719       1.0425203144550323
     656.3020680453636260       1.0515761189162731
     656.3022681787858801       0.9574385397136211
     656.3024683122081342       1.0146622089669108
     656.3026684456305020       1.0055435472168028
     656.3028685790527561       1.0396557264029980
     656.3030687124750102       0.9679902754724026
     656.3032688458972643       0.9588159918785095
     656.3034689793196321       1.0176154952496290
     656.3036691127418862       0.9996068687178195
     656.3038692461641403       0.9412462711334229
     656.3040693795863945       0.9970096056349576
     656.3042695130086486       1.0143248131498694
     656.3044696464310164       1.0031059195753187
     656.3046697798532705       1.0704977437853813
     656.3048699132755246       0.9675296656787395
     656.3050700466977787       1.0595855899155140
     656.3052701801201465       0.9748363643884659
     656.3054703135424006       1.0929356887936592
     656.3056704469646547       0.9274556040763855
     656.3058705803869088       0.9130955040454865
     656.3060707138092766       0.9968405722174793
     656.3062708472315308       0.9975747370626777
     656.3064709806537849       1.0213329400867224
     656.3066711140760390       0.9835346173495054
     656.3068712474984068       0.9316533952951431
     656.3070713809206609       1.0070767491124570
     656.3072715143429150       0.9919032435864210
     656.3074716477651691       0.9402710087597370
     656.3076717811875369       1.0595120564103127
     656.3078719146097910       1.0055687050335109
     656.3080720480320451       1.0097107309848070
     656.3082721814542992       0.9320074245333672
     656.3084723148766670       1.0416357964277267
     656.3086724482989212       0.9956635762937367
     656.3088725817211753       1.0641886517405510
     656.3090727151434294       0.9924189080484211
     656.3092728485656835       0.9989108314039186
     656.3094729819880513       0.9820358250290155
     656.3096731154103054       0.9219605848193169
     656.3098732488325595       1.0503512583673000
     656.3100733822548136       0.9132247641682625
     656.3102735156771814       1.0140757290646434
     656.3104736490994355       1.0717875659465790
     656.3106737825216896       0.9490095190703869
     656.3108739159439438       0.9788481611758471
     656.3110740493663116       0.9495243355631828
     656.3112741827885657       1.1010816097259521
     656.3114743162108198       0.9082381501793861
     656.3116744496330739       0.9592285528779030
     656.3118745830554417       1.0145266009494662
     656.3120747164776958       0.9625495411455631
     656.3122748498999499       1.0470677353441715
     656.3124749833222040       0.9369922354817390
     656.3126751167445718       1.0321125462651253
     656.3128752501668259       1.0132119720801711
     656.3130753835890800       1.0224392451345921
     656.3132755170113342       0.9904161160811782
     656.3134756504337020       0.9795964304357767
     656.3136757838559561       1.0846359282732010
     656.3138759172782102       0.9296060800552368
     656.3140760507004643       1.0572467818856239
     656.3142761841228321       1.0404883995652199
     656.3144763175450862       1.0215864498168230
     656.3146764509673403       1.0033922069706023
     656.3148765843895944       0.9692440051585436
     656.3150767178118485       1.1188430711627007
     656.3152768512342163       0.9609056822955608
     656.3154769846564704       0.9540267176926136
     656.3156771180787246       1.0055045355111361
     656.3158772515009787       0.9241417497396469
     656.3160773849233465       1.0168856158852577
     656.3162775183456006       0.9346433207392693
     656.3164776517678547       0.9842571970075369
     656.3166777851901088       1.0707806572318077
     656.3168779186124766       1.0208456702530384
     656.3170780520347307       0.9700922090560198
     656.3172781854569848       1.0500697009265423
     656.3174783188792389       1.0542104318737984
     656.3176784523016067       0.9746047556400299
     656.3178785857238609       0.9540048502385616
     656.3180787191461150       1.0420942828059196
     656.3182788525683691       0.9651880823075771
     656.3184789859907369       1.0308788176625967
     656.3186791194129910       0.9825254492461681
     656.3188792528352451       0.9555529467761517
     656.3190793862574992       1.0001499056234024
     656.3192795196798670       0.9075393453240395
     656.3194796531021211       1.0536275394260883
     656.3196797865243752       0.9936030027456582
     656.3198799199466293       0.9819378945976496
     656.3200800533688835       0.9512097015976906
     656.3202801867912513       1.0457182116806507
     656.3204803202135054       0.9829100128263235
     656.3206804536357595       1.0444159023463726
     656.3208805870580136       0.9501215778291225
     656.3210807204803814       0.9634387157857418
     656.3212808539026355       0.9676753394305706
     656.3214809873248896       0.9987596689024940
     656.3216811207471437       0.9409754015505314
     656.3218812541695115       1.0107482401654124
     656.3220813875917656       0.9510588608682156
     656.3222815210140197       0.9177597239613533
     656.3224816544362739       0.9943408858962357
     656.3226817878586417       1.0837648436427116
     656.3228819212808958       0.9395245127379894
     656.3230820547031499       0.9639065302908421
     656.3232821881254040       0.9997578679322032
     656.3234823215477718       1.0684251636266708
     656.3236824549700259       0.9682135023176670
     656.3238825883922800       1.0225086193531752
     656.3240827218145341       1.0165743306279182
     656.3242828552369019       1.0184756461530924
     656.3244829886591560       0.9647021740674973
     656.3246831220814101       1.0087733110412955
     656.3248832555036643       0.9808715246617794
     656.3250833889260321       0.9570489041507244
     656.3252835223482862       1.1559353768825531
     656.3254836557705403       1.0637293457984924
     656.3256837891927944       1.0127187538892031
     656.3258839226150485       1.0283310711383820
     656.3260840560374163       1.0221877153962851
     656.3262841894596704       1.0188058726489544
     656.3264843228819245       0.9784841760993004
     656.3266844563041786       0.9997674936894327
     656.3268845897265464       0.9267522171139717
     656.3270847231488005       1.0211838800460100
     656.3272848565710547       1.0055447416380048
     656.3274849899933088       1.0494703240692616
     656.3276851234156766       0.9690948668867350
     656.3278852568379307       1.0498975627124310
     656.3280853902601848       0.9793760515749454
     656.3282855236824389       0.9839206188917160
     656.3284856571048067       1.0402055345475674
     656.3286857905270608       1.0995738357305527
     656.3288859239493149       1.0216638501733541
     656.3290860573715690       0.9089098125696182
     656.3292861907939368       0.9387802816927433
     656.3294863242161910       1.1569898128509521
     656.3296864576384451       1.0293135680258274
     656.3298865910606992       1.0771219134330750
     656.3300867244830670       1.0650881901383400
     656.3302868579053211       0.9585197605192661
     656.3304869913275752       1.0711334422230721
     656.3306871247498293       0.9646295979619026
     656.3308872581721971       1.0016616138163954
     656.3310873915944512       0.9830266386270523
     656.3312875250167053       0.9665081985294819
     656.3314876584389594       1.0217150487005711
     656.3316877918612136       0.8551405221223831
     656.3318879252835814       1.0872777327895164
     656.3320880587058355       1.0399405136704445
     656.3322881921280896       1.0583596900105476
     656.3324883255503437       1.0673279538750648
     656.3326884589727115       1.0279502905905247
     656.3328885923949656       1.0240057986229658
     656.3330887258172197       1.0179573800414801
     656.3332888592394738       0.9992123987176456
     656.3334889926618416       1.0074023786000907
     656.3336891260840957       1.0837202295660973
     656.3338892595063498       1.0005497084348463
     656.3340893929286040       0.9517887495458126
     656.3342895263509718       0.9612312838435173
     656.3344896597732259       0.9513354487717152
     656.3346897931954800       0.9934801594354212
     656.3348899266177341       1.0031252861954272
     656.3350900600401019       1.0167861636728048
     656.3352901934623560       1.0756241902709007
     656.3354903268846101       0.9779800139367580
     656.3356904603068642       1.0597867034375668
     656.3358905937292320       1.0635558813810349
     656.3360907271514861       0.9893210316076875
     656.3362908605737402       0.9682187996804714
     656.3364909939959944       0.9660135358572006
     656.3366911274182485       1.0743161663413048
     656.3368912608406163       0.9123643934726715
     656.3370913942628704       0.9524659290909767
     656.3372915276851245       0.9450263865292072
     656.3374916611073786       0.9429689384996891
     656.3376917945297464       1.0035522540565580
     656.3378919279520005       1.0589538700878620
     656.3380920613742546       0.9809901062399149
     656.3382921947965087       1.0080584427341819
     656.3384923282188765       0.9956262959167361
     656.3386924616411306       1.0416873469948769
     656.3388925950633848       1.0469853878021240
     656.3390927284856389       1.0408189147710800
     656.3392928619080067       0.9293358176946640
     656.3394929953302608       1.0355271846055984
     656.3396931287525149       1.0141331572085619
     656.3398932621747690       0.9941379879601300
     656.3400933955971368       0.9019672051072121
     656.3402935290193909       0.9967244889121503
     656.3404936624416450       0.9294683039188385
     656.3406937958638991       0.9918040363118052
     656.3408939292862669       1.0450335219502449
     656.3410940627085211       1.1214862987399101
     656.3412941961307752       0.9972869229968637
     656.3414943295530293       1.0236344058066607
     656.3416944629753971       1.0468386597931385
     656.3418945963976512       1.0795795246958733
     656.3420947298199053       1.0246685370802879
     656.3422948632421594       1.0928430557250977
     656.3424949966644135       0.9046605974435806
     656.3426951300867813       0.8827111572027206
     656.3428952635090354       0.9462641514837742
     656.3430953969312895       1.0105979163199663
     656.3432955303535437       1.0267702974379063
     656.3434956637759115       0.9373131170868874
     656.3436957971981656       1.0206244066357613
     656.3438959306204197       1.0578235574066639
     656.3440960640426738       0.9199910834431648
     656.3442961974650416       0.9866439560428262
     656.3444963308872957       0.9776973947882652
     656.3446964643095498       1.0262065827846527
     656.3448965977318039       1.0050435452722013
     656.3450967311541717       1.0516542010009289
     656.3452968645764258       0.9940928732976317
     656.3454969979986799       0.9180208519101143
     656.3456971314209341       0.9569314755499363
     656.3458972648433019       0.9998466735414695
     656.3460973982655560       0.9939095624722540
     656.3462975316878101       1.0559813566505909
     656.3464976651100642       0.9814737197011709
     656.3466977985324320       0.9774489123374224
     656.3468979319546861       0.9922681436873972
     656.3470980653769402       1.0196009483188391
     656.3472981987991943       1.0439328588545322
     656.3474983322214484       1.0195709448307753
     656.3476984656438162       0.9418854936957359
     656.3478985990660703       0.9666262008249760
     656.3480987324883245       0.9884259197860956
     656.3482988659105786       1.0285747945308685
     656.3484989993329464       1.0497373938560486
     656.3486991327552005       1.0181005895137787
     656.3488992661774546       0.9803934041410685
     656.3490993995997087       0.9736830312758684
     656.3492995330220765       0.8948020190000534
     656.3494996664443306       0.9783174563199282
     656.3496997998665847       1.0115391407161951
     656.3498999332888388       0.9701459966599941
     656.3501000667112066       0.9414195418357849
     656.3503002001334607       1.0143499672412872
     656.3505003335557149       1.0653119012713432
     656.3507004669779690       1.0602211654186249
     656.3509006004003368       0.9849069714546204
     656.3511007338225909       0.9787148237228394
     656.3513008672448450       0.9974311355035752
     656.3515010006670991       0.9601874724030495
     656.3517011340894669       0.9813114125281572
     656.3519012675117210       0.9415364861488342
     656.3521014009339751       1.0286931078881025
     656.3523015343562292       1.0260360334068537
     656.3525016677785970       1.0289101880043745
     656.3527018012008512       1.0374488867819309
     656.3529019346231053       1.0365196205675602
     656.3531020680453594       0.9870204087346792
     656.3533022014676135       1.0148225743323565
     656.3535023348899813       0.9890704592689872
     656.3537024683122354       0.9897466236725450
     656.3539026017344895       0.9734795950353146
     656.3541027351567436       0.9706454332917929
     656.3543028685791114       1.0508883111178875
     656.3545030020013655       0.8792238831520081
     656.3547031354236196       0.9410600364208221
     656.3549032688458738       1.0531015470623970
     656.3551034022682416       1.0666131004691124
     656.3553035356904957       1.0209461748600006
     656.3555036691127498       0.9650905728340149
     656.3557038025350039       0.9694454539567232
     656.3559039359573717       0.9115263372659683
     656.3561040693796258       1.0429374985396862
     656.3563042028018799       0.9839854203164577
     656.3565043362241340       0.9723280686885118
     656.3567044696465018       1.0173645596951246
     656.3569046030687559       0.9746880084276199
     656.3571047364910100       0.9302045181393623
     656.3573048699132642       0.9732188098132610
     656.3575050033356320       1.0427567102015018
     656.3577051367578861       1.0300342198461294
     656.3579052701801402       1.0449047200381756
     656.3581054036023943       1.0162173956632614
     656.3583055370246484       0.8939779996871948
     656.3585056704470162       0.9271485507488251
     656.3587058038692703       1.0309968870133162
     656.3589059372915244       0.9911141535267234
     656.3591060707137785       0.9430937990546227
     656.3593062041361463       0.9861254030838609
     656.3595063375584004       0.9914843803271651
     656.3597064709806546       0.9589127898216248
     656.3599066044029087       0.9758624378591776
     656.3601067378252765       0.9229887723922729
     656.3603068712475306       1.0746076181530952
     656.3605070046697847       0.9448190219700336
     656.3607071380920388       1.0400152020156384
     656.3609072715144066       1.0053064078092575
     656.3611074049366607       1.0328291133046150
     656.3613075383589148       1.0051416172645986
     656.3615076717811689       1.0246673375368118
     656.3617078052035367       0.9990395942586474
     656.3619079386257908       1.0466215014457703
     656.3621080720480450       1.0552525110542774
     656.3623082054702991       0.9907720768824220
     656.3625083388926669       0.9637812189757824
     656.3627084723149210       0.9703503306955099
     656.3629086057371751       1.0159042384475470
     656.3631087391594292       1.0492361597716808
     656.3633088725817970       0.9052659496665001
     656.3635090060040511       0.9983331874245778
     656.3637091394263052       1.0329764187335968
     656.3639092728485593       0.9988109327387065
     656.3641094062708135       0.9842240456491709
     656.3643095396931813       1.0354930087924004
     656.3645096731154354       1.0432729758322239
     656.3647098065376895       1.0553115569055080
     656.3649099399599436       1.0071495282463729
     656.3651100733823114       1.0948668941855431
     656.3653102068045655       1.0334360376000404
     656.3655103402268196       0.9842241872102022
     656.3657104736490737       0.8902269601821899
     656.3659106070714415       0.9470638744533062
     656.3661107404936956       1.1004344150424004
     656.3663108739159497       0.9436827786266804
     656.3665110073382039       0.9933528243564069
     656.3667111407605717       0.9563488699495792
     656.3669112741828258       0.9420205540955067
     656.3671114076050799       1.0374970845878124
     656.3673115410273340       1.0754572078585625
     656.3675116744497018       0.9248877540230751
     656.3677118078719559       1.0000737141526770
     656.3679119412942100       1.1159691587090492
     656.3681120747164641       1.0102870874106884
     656.3683122081388319       1.0064319148659706
     656.3685123415610860       0.9892251780256629
     656.3687124749833401       1.0152871077880263
     656.3689126084055943       0.9153909459710121
     656.3691127418278484       1.0067870244383812
     656.3693128752502162       1.0112521005794406
     656.3695130086724703       0.9659023471176624
     656.3697131420947244       1.0616359300911427
     656.3699132755169785       1.0515608564019203
     656.3701134089393463       0.9970680691767483
     656.3703135423616004       0.9956571999937294
     656.3705136757838545       0.9681998006999490
     656.3707138092061086       0.9893463803455229
     656.3709139426284764       0.9931802363134915
     656.3711140760507305       1.0092172380536786
     656.3713142094729847       0.9216619804501520
     656.3715143428952388       0.9779934119433145
     656.3717144763176066       0.9408943541347951
     656.3719146097398607       1.0424160920083478
     656.3721147431621148       0.9230191782116824
     656.3723148765843689       0.9674217775463960
     656.3725150100067367       1.0416981391608573
     656.3727151434289908       1.0606355965137269
     656.3729152768512449       0.9434597305953192
     656.3731154102734990       0.8972056880592844
     656.3733155436958668       0.9735604543238210
     656.3735156771181209       1.0514454916118601
     656.3737158105403751       0.9508150406180393
     656.3739159439626292       1.0434398353097762
     656.3741160773849970       1.0227098558095093
     656.3743162108072511       0.9789704512800435
     656.3745163442295052       1.0051211537787066
     656.3747164776517593       1.0664804801335936
     656.3749166110740134       1.0899273902164999
     656.3751167444963812       0.9858467550929937
     656.3753168779186353       0.9657348543379385
     656.3755170113408894       0.9894746663011648
     656.3757171447631436       1.0296148694998835
     656.3759172781855113       1.0792439281865636
     656.3761174116077655       0.9586042612685362
     656.3763175450300196       0.9655551910251449
     656.3765176784522737       1.0192644465505345
     656.3767178118746415       1.0031455245041134
     656.3769179452968956       0.9488562158829741
     656.3771180787191497       0.8889860286736013
     656.3773182121414038       0.9712907093711485
     656.3775183455637716       1.0339854395773465
     656.3777184789860257       1.0313569678324621
     656.3779186124082798       0.9306806621820203
     656.3781187458305340       0.9864471598407757
     656.3783188792529018       1.0014636244810462
     656.3785190126751559       0.9817731710248140
     656.3787191460974100       0.9646520867886450
     656.3789192795196641       1.0001540267640221
     656.3791194129420319       1.0313431159629898
     656.3793195463642860       0.9807086176887141
     656.3795196797865401       0.9555203367502341
     656.3797198132087942       0.9215769062639826
     656.3799199466311620       0.9862864799798485
     656.3801200800534161       0.8782205519097849
     656.3803202134756702       1.0301508204972454
     656.3805203468979244       0.9747612364235911
     656.3807204803201785       1.0616416744386199
     656.3809206137425463       1.0088506151402223
     656.3811207471648004       0.9384141114188673
     656.3813208805870545       0.9449222856123534
     656.3815210140093086       1.0214969352609060
     656.3817211474316764       1.0193117100545117
     656.3819212808539305       1.0465391337104273
     656.3821214142761846       0.8833335188397298
     656.3823215476984387       1.0099549984857334
     656.3825216811208065       1.0633984437505271
     656.3827218145430606       0.9955721074727907
     656.3829219479653148       1.1325525912322834
     656.3831220813875689       1.0964796003952504
     656.3833222148099367       1.0781560284503637
     656.3835223482321908       0.9877058121953179
     656.3837224816544449       1.0052863375978682
     656.3839226150766990       1.0461848833127421
     656.3841227484990668       0.9761281507250081
     656.3843228819213209       0.9965439701786717
     656.3845230153435750       0.9636058914805785
     656.3847231487658291       1.0496425476618536
     656.3849232821881969       0.9375958429947107
     656.3851234156104510       1.0356138033430091
     656.3853235490327052       1.1058808859629519
     656.3855236824549593       0.9319186343823433
     656.3857238158772134       1.0328169106119165
     656.3859239492995812       1.0284956377067858
     656.3861240827218353       1.0780383495928796
     656.3863242161440894       0.9382409850783989
     656.3865243495663435       1.0048593212614882
     656.3867244829887113       1.0310016696030342
     656.3869246164109654       0.9792044035461883
     656.3871247498332195       0.9646567318174094
     656.3873248832554737       0.9627738326639990
     656.3875250166778414       1.0101750621314212
     656.3877251501000956       1.0020149314925062
     656.3879252835223497       0.9621264169112957
     656.3881254169446038       1.0730870305328828
     656.3883255503669716       0.9831062179317410
     656.3885256837892257       1.0128371780132512
     656.3887258172114798       0.9996229717999752
     656.3889259506337339       1.0188450949484764
     656.3891260840561017       0.9998053376524344
     656.3893262174783558       1.0362577020476071
     656.3895263509006099       0.9961125688571497
     656.3897264843228641       1.0230567094193399
     656.3899266177452319       0.9683402982059879
     656.3901267511674860       0.9678185923295569
     656.3903268845897401       0.9778878653074966
     656.3905270180119942       1.0412186453424968
     656.3907271514343620       0.9608633119618971
     656.3909272848566161       1.0568965176010097
     656.3911274182788702       1.0866150295720480
     656.3913275517011243       1.0134066416882579
     656.3915276851233784       1.0013850627840286
     656.3917278185457462       1.0927846163111070
     656.3919279519680003       1.1002980546301286
     656.3921280853902545       0.9283307113996272
     656.3923282188125086       0.9977747406555537
     656.3925283522348764       0.9618615510824411
     656.3927284856571305       1.0342995402565305
     656.3929286190793846       0.9265819801877908
     656.3931287525016387       0.9195321196316887
     656.3933288859240065       0.9931883363312883
     656.3935290193462606       0.8899264095333628
     656.3937291527685147       0.9574813557315718
     656.3939292861907688       0.9645985238063611
     656.3941294196131366       1.0338205323293586
     656.3943295530353907       1.0559361216924268
     656.3945296864576449       0.9772643063609657
     656.3947298198798990       1.0032499837548148
     656.3949299533022668       0.9964222302684825
     656.3951300867245209       0.9525714479909100
     656.3953302201467750       1.0032229736910778
     656.3955303535690291       0.9513986610144499
     656.3957304869913969       0.9478941295680109
     656.3959306204136510       0.9182225463052424
     656.3961307538359051       0.9426892043159306
     656.3963308872581592       0.9506955620465416
     656.3965310206804133       0.9383410205674176
     656.3967311541027811       0.9852070648755719
     656.3969312875250353       1.0142205781714368
     656.3971314209472894       0.8972420290254450
     656.3973315543695435       0.8241138575201469
     656.3975316877919113       1.0423702592223574
     656.3977318212141654       0.9619388130476509
     656.3979319546364195       0.9102626248848240
     656.3981320880586736       0.9652428317854862
     656.3983322214810414       0.9917317083587942
     656.3985323549032955       0.9964765613784462
     656.3987324883255496       0.8817350760689271
     656.3989326217478038       0.8881059049838260
     656.3991327551701715       0.9409366964078384
     656.3993328885924257       0.9587300107816029
     656.3995330220146798       0.7968705286273940
     656.3997331554369339       0.9398157089327916
     656.3999332888593017       0.7667846771549469
     656.4001334222815558       0.8310422887264979
     656.4003335557038099       0.8583634315925192
     656.4005336891260640       0.8519727111992229
     656.4007338225484318       0.8365486695869939
     656.4009339559706859       0.8005204782091551
     656.4011340893929400       0.9074150420617475
     656.4013342228151942       0.8210970880674857
     656.4015343562375620       0.8138457526508124
     656.4017344896598161       0.7149921484198818
     656.4019346230820702       0.7952173712186215
     656.4021347565043243       0.8341890486214416
     656.4023348899265784       0.8424028249145485
     656.4025350233489462       0.8433399352017144
     656.4027351567712003       0.8126397264752299
     656.4029352901934544       0.7380901492859491
     656.4031354236157085       0.7417359910958774
     656.4033355570380763       0.9752642970976220
     656.4035356904603304       0.8796684526360461
     656.4037358238825846       0.8322621176108792
     656.4039359573048387       0.7974797567301219
     656.4041360907272065       0.8438275742771776
     656.4043362241494606       0.8162380971006691
     656.4045363575717147       0.7674829996436358
     656.4047364909939688       0.8336685635728820
     656.4049366244163366       0.7807538673933265
     656.4051367578385907       0.8759350708857508
     656.4053368912608448       0.8113498494926329
     656.4055370246830989       0.9080877498978703
     656.4057371581054667       0.7499707978343887
     656.4059372915277208       0.8351668801047036
     656.4061374249499750       0.8438795962910635
     656.4063375583722291       0.9100579658148888
     656.4065376917945969       0.8640213420821001
     656.4067378252168510       0.8189214444061869
     656.4069379586391051       0.8406637489512847
     656.4071380920613592       0.9064964383199335
     656.4073382254836133       0.9513744120736605
     656.4075383589059811       0.8696283227199664
     656.4077384923282352       0.8952099141903387
     656.4079386257504893       0.8370401259499053
     656.4081387591727434       0.9119945352108959
     656.4083388925951112       0.8720844535131625
     656.4085390260173654       0.9098961398748934
     656.4087391594396195       0.9624613462506121
     656.4089392928618736       0.9637788152904740
     656.4091394262842414       0.8753787510941913
     656.4093395597064955       0.9367433664157110
     656.4095396931287496       0.9899256467363553
     656.4097398265510037       0.9015228479216297
     656.4099399599733715       1.0090003839036079
     656.4101400933956256       0.9657600506006727
     656.4103402268178797       0.9786980928253666
     656.4105403602401339       0.9699341303257590
     656.4107404936625016       0.8835615859610620
     656.4109406270847558       1.0001818755043694
     656.4111407605070099       1.0031324837903832
     656.4113408939292640       0.9669373735499147
     656.4115410273516318       0.9761326161562898
     656.4117411607738859       1.0157994838386601
     656.4119412941961400       0.8632223409437895
     656.4121414276183941       1.0248109496839564
     656.4123415610407619       1.0483572044627651
     656.4125416944630160       0.8633434293639877
     656.4127418278852701       1.0937498180334453
     656.4129419613075243       1.0278570192134495
     656.4131420947297784       1.0010797218779652
     656.4133422281521462       1.0122424420340663
     656.4135423615744003       1.0714344230036552
     656.4137424949966544       1.0177076046022098
     656.4139426284189085       1.0316734245748811
     656.4141427618412763       0.9502040087207092
     656.4143428952635304       1.0369367878204661
     656.4145430286857845       1.0281747913445143
     656.4147431621080386       0.9729663579954403
     656.4149432955304064       0.9565482374013444
     656.4151434289526605       0.9942912560346362
     656.4153435623749147       0.9648773260734442
     656.4155436957971688       0.9941434568535560
     656.4157438292195366       0.9729219242705985
     656.4159439626417907       0.9697291289001866
     656.4161440960640448       1.0062063398546373
     656.4163442294862989       1.0364826770351612
     656.4165443629086667       0.9459382215719261
     656.4167444963309208       1.0035509438628645
     656.4169446297531749       0.9843366150898409
     656.4171447631754290       1.0352514231545604
     656.4173448965977968       0.9655726951662813
     656.4175450300200509       0.9929883862786846
     656.4177451634423051       0.9326933184147116
     656.4179452968645592       1.0292619710193525
     656.4181454302869270       1.0278396400080279
     656.4183455637091811       1.0777798966862959
     656.4185456971314352       0.9937324577543726
     656.4187458305536893       0.9601929375410555
     656.4189459639759434       0.9108773244406764
     656.4191460973983112       0.9656419690735492
     656.4193462308205653       0.8775204869391748
     656.4195463642428194       0.8742056629073031
     656.4197464976650735       1.0188751838185077
     656.4199466310874413       0.9753589335750170
     656.4201467645096955       0.9577359178317313
     656.4203468979319496       1.0041126517471959
     656.4205470313542037       1.0392497467068860
     656.4207471647765715       1.1010968171502040
     656.4209472981988256       0.9443434559926297
     656.4211474316210797       1.0379759619777600
     656.4213475650433338       0.9582617078498472
     656.4215476984657016       1.0397878989668157
     656.4217478318879557       1.0439660271373317
     656.4219479653102098       0.9917152029997897
     656.4221480987324640       0.9502636634274073
     656.4223482321548317       0.9626214678465159
     656.4225483655770859       1.0558296618327025
     656.4227484989993400       0.8982225899852893
     656.4229486324215941       1.0012700149524174
     656.4231487658439619       0.9369648812807869
     656.4233488992662160       1.0181672648903164
     656.4235490326884701       1.0304055295814156
     656.4237491661107242       0.9343717788927081
     656.4239492995329783       0.9892660418270566
     656.4241494329553461       0.9319631071745139
     656.4243495663776002       1.0304425987124892
     656.4245496997998544       0.9950779703441570
     656.4247498332221085       1.0344461583187017
     656.4249499666444763       1.0389142571121344
     656.4251501000667304       1.0149719806925281
     656.4253502334889845       0.9997186213607836
     656.4255503669112386       1.0061465458575320
     656.4257505003336064       0.9352313490027473
     656.4259506337558605       0.9601026722598845
     656.4261507671781146       1.0686873157497323
     656.4263509006003687       1.0034189856815821
     656.4265510340227365       1.0649771243028441
     656.4267511674449906       0.9047989360782330
     656.4269513008672448       1.0482405228613265
     656.4271514342894989       1.0845611778003614
     656.4273515677118667       1.1007498381723595
     656.4275517011341208       1.1023950542260432
     656.4277518345563749       0.9279579643673147
     656.4279519679786290       0.9878919720392921
     656.4281521014009968       1.0051247393768701
     656.4283522348232509       1.0171525319125294
     656.4285523682455050       0.9641646139277114
     656.4287525016677591       1.0002464834880511
     656.4289526350901269       0.9321394409710106
     656.4291527685123810       0.9209036079119065
     656.4293529019346352       1.0457770375285156
     656.4295530353568893       0.9500453433355143
     656.4297531687791434       1.0493451430289071
     656.4299533022015112       0.9638398661413787
     656.4301534356237653       0.9898424818540015
     656.4303535690460194       0.9392618536539281
     656.4305537024682735       0.9167001917665192
     656.4307538358906413       1.0867551788478682
     656.4309539693128954       1.0391548536569184
     656.4311541027351495       0.9857686394720044
     656.4313542361574036       1.0506657063886324
     656.4315543695797714       1.0783452615089117
     656.4317545030020256       1.0283526275269783
     656.4319546364242797       0.9727663453642250
     656.4321547698465338       0.9571612961571995
     656.4323549032689016       1.0261508226381864
     656.4325550366911557       0.9672514982512614
     656.4327551701134098       0.9868771955364699
     656.4329553035356639       1.0111682256679404
     656.4331554369580317       1.0835633352395893
     656.4333555703802858       1.0563591979441971
     656.4335557038025399       0.9296301081775202
     656.4337558372247940       1.0020002848467748
     656.4339559706471618       0.9951328001915741
     656.4341561040694160       1.0282278750091334
     656.4343562374916701       0.9780067242681669
     656.4345563709139242       1.0545992217957763
     656.4347565043361783       1.0065412106923617
     656.4349566377585461       0.9459421969950103
     656.4351567711808002       0.8694248050451213
     656.4353569046030543       0.9604056030511812
     656.4355570380253084       0.9926672470755845
     656.4357571714476762       0.9477915167808513
     656.4359573048699303       1.0096221007406698
     656.4361574382921845       1.0195028074085704
     656.4363575717144386       0.9344499781727785
     656.4365577051368064       1.0015465532196681
     656.4367578385590605       1.0674374401569364
     656.4369579719813146       0.9743257910013197
     656.4371581054035687       1.0299797859042883
     656.4373582388259365       1.0438853316009045
     656.4375583722481906       1.0509052649140358
     656.4377585056704447       1.0279711969196796
     656.4379586390926988       1.0191759727895260
     656.4381587725150666       0.9653512425720692
     656.4383589059373207       1.0382946059107780
     656.4385590393595749       0.9902667133137584
     656.4387591727818290       0.9198574200272560
     656.4389593062041968       0.9738456513732672
     656.4391594396264509       0.9662789702415466
     656.4393595730487050       1.0045110261999071
     656.4395597064709591       1.0249688960611820
     656.4397598398933269       0.9999056769956951
     656.4399599733155810       0.9917690064758062
     656.4401601067378351       0.9591785855591297
     656.4403602401600892       0.9506239183247089
     656.4405603735823433       0.9400372020900249
     656.4407605070047111       1.0283111073076725
     656.4409606404269653       1.0689798966050148
     656.4411607738492194       0.9541360735893250
     656.4413609072714735       1.0436076931655407
     656.4415610406938413       1.0165569391101599
     656.4417611741160954       0.9500583559274673
     656.4419613075383495       0.9513069577515125
     656.4421614409606036       1.0847579762339592
     656.4423615743829714       1.0304777957499027
     656.4425617078052255       0.9754527825862169
     656.4427618412274796       1.0293402522802353
     656.4429619746497337       0.9988071337575093
     656.4431621080721015       1.0030282328370959
     656.4433622414943557       1.0450019314885139
     656.4435623749166098       0.9505114220082760
     656.4437625083388639       0.9860375998541713
     656.4439626417612317       1.0299541447311640
     656.4441627751834858       1.0344303548336029
     656.4443629086057399       0.9681467525660992
     656.4445630420279940       1.0623396225273609
     656.4447631754503618       0.9567776396870613
     656.4449633088726159       0.9980140910483897
     656.4451634422948700       0.9553383924067020
     656.4453635757171241       0.9985212794272229
     656.4455637091393783       1.0599368475377560
     656.4457638425617461       0.8916106894612312
     656.4459639759840002       0.9795691687613726
     656.4461641094062543       0.9812868777662516
     656.4463642428285084       0.9891768805682659
     656.4465643762508762       1.0190839990973473
     656.4467645096731303       0.9814873430877924
     656.4469646430953844       0.9462763294577599
     656.4471647765176385       0.9895838946104050
     656.4473649099400063       1.0230823718011379
     656.4475650433622604       1.0290147047489882
     656.4477651767845146       1.0170478988438845
     656.4479653102067687       0.9391470849514008
     656.4481654436291365       0.9847815334796906
     656.4483655770513906       0.9533418305218220
     656.4485657104736447       0.9766799081116915
     656.4487658438958988       1.0287259873002768
     656.4489659773182666       1.0854263827204704
     656.4491661107405207       0.9944416042417288
     656.4493662441627748       0.9375375919044018
     656.4495663775850289       1.0489083789288998
     656.4497665110073967       0.9410004727542400
     656.4499666444296508       1.0632876306772232
     656.4501667778519050       0.8636311590671539
     656.4503669112741591       1.0536097548902035
     656.4505670446965269       0.9163029864430428
     656.4507671781187810       0.9334216192364693
     656.4509673115410351       1.1179841533303261
     656.4511674449632892       1.0652560517191887
     656.4513675783855433       1.0388896130025387
     656.4515677118079111       0.9848338486626744
     656.4517678452301652       1.0132052749395370
     656.4519679786524193       1.0786272734403610
     656.4521681120746734       0.9920183876529336
     656.4523682454970412       0.8699825406074524
     656.4525683789192954       1.0063957571983337
     656.4527685123415495       1.0487611442804337
     656.4529686457638036       0.9937808462418616
     656.4531687791861714       0.9566151350736618
     656.4533689126084255       1.0030847783200443
     656.4535690460306796       1.0529613271355629
     656.4537691794529337       0.9992892372538336
     656.4539693128753015       1.0763695761561394
     656.4541694462975556       0.9718197602778673
     656.4543695797198097       0.9859090419486165
     656.4545697131420638       0.9919513156637549
     656.4547698465644316       0.9251557439565659
     656.4549699799866858       1.0159050580114126
     656.4551701134089399       1.0433883219957352
     656.4553702468311940       0.9747619740664959
     656.4555703802535618       0.9606528133153915
     656.4557705136758159       1.0173916500061750
     656.4559706470980700       1.0201223250478506
     656.4561707805203241       0.9867497878149152
     656.4563709139425782       0.9191845655441284
     656.4565710473649460       1.0201582200825214
     656.4567711807872001       0.9572040364146233
     656.4569713142094542       0.9531186409294605
     656.4571714476317084       1.0008213960682042
     656.4573715810540762       0.9463426060974598
     656.4575717144763303       1.0352096930146217
     656.4577718478985844       0.9537195116281509
     656.4579719813208385       1.0325655154883862
     656.4581721147432063       0.9635855220258236
     656.4583722481654604       0.9510046355426311
     656.4585723815877145       0.9663608707487583
     656.4587725150099686       1.1086878925561905
     656.4589726484323364       1.0237451009452343
     656.4591727818545905       0.9496064111590385
     656.4593729152768447       1.0857622772455215
     656.4595730486990988       1.0420496389269829
     656.4597731821214666       1.0163184460252523
     656.4599733155437207       0.9602264575660229
     656.4601734489659748       0.9173976704478264
     656.4603735823882289       0.9501724876463413
     656.4605737158105967       1.0885443016886711
     656.4607738492328508       1.0517456717789173
     656.4609739826551049       0.9845655271783471
     656.4611741160773590       1.0897526592016220
     656.4613742494997268       0.9833970144391060
     656.4615743829219809       0.9711601305752993
     656.4617745163442351       1.0379060469567776
     656.4619746497664892       0.9901272431015968
     656.4621747831887433       1.1053071171045303
     656.4623749166111111       1.0208039712160826
     656.4625750500333652       1.0732730850577354
     656.4627751834556193       1.0214769132435322
     656.4629753168778734       0.9755932372063398
     656.4631754503002412       0.9076408520340919
     656.4633755837224953       0.9626095034182072
     656.4635757171447494       0.9057358056306839
     656.4637758505670035       0.9984757498605177
     656.4639759839893713       0.9687933493405581
     656.4641761174116255       0.9522079080343246
     656.4643762508338796       0.9112872481346130
     656.4645763842561337       0.9572331197559834
     656.4647765176785015       0.9983135340735316
     656.4649766511007556       1.0259963870048523
     656.4651767845230097       1.0140843838453293
     656.4653769179452638       0.9169795289635658
     656.4655770513676316       0.9769755993038416
     656.4657771847898857       1.0189112965017557
     656.4659773182121398       0.9883669614791870
     656.4661774516343939       0.9848632272332907
     656.4663775850567617       0.9714745432138443
     656.4665777184790159       1.0628503113985062
     656.4667778519012700       0.9493405409157276
     656.4669779853235241       0.9184662774205208
     656.4671781187458919       0.9774648472666740
     656.4673782521681460       1.0358342938125134
     656.4675783855904001       0.9814801663160324
     656.4677785190126542       1.0582427345216274
     656.4679786524349083       0.9172769188880920
     656.4681787858572761       1.0602322518825531
     656.4683789192795302       0.9294775277376175
     656.4685790527017843       0.9700850043445826
     656.4687791861240385       1.0613423958420753
     656.4689793195464063       0.9967447649687529
     656.4691794529686604       1.0176310483366251
     656.4693795863909145       0.9146450236439705
     656.4695797198131686       1.0032255717087537
     656.4697798532355364       1.0067734620533884
     656.4699799866577905       0.9804559182375669
     656.4701801200800446       1.0492749698460102
     656.4703802535022987       1.0637629255652428
     656.4705803869246665       0.9262682050466537
     656.4707805203469206       0.9170802608132362
     656.4709806537691748       1.0092660803347826
     656.4711807871914289       1.0221468862146139
     656.4713809206137967       1.0047416910529137
     656.4715810540360508       1.0986782610416412
     656.4717811874583049       1.0127122150734067
     656.4719813208805590       1.0051241815090179
     656.4721814543029268       1.0230316054075956
     656.4723815877251809       1.0147164687514305
     656.4725817211474350       1.0030880079139024
     656.4727818545696891       0.9744171965867281
     656.4729819879919432       1.0608506686985493
     656.4731821214143110       0.9845641581341624
     656.4733822548365652       0.9844500375911593
     656.4735823882588193       1.0655550360679626
     656.4737825216810734       0.9434376470744610
     656.4739826551034412       1.0303482841700315
     656.4741827885256953       0.9871489414945245
     656.4743829219479494       0.9781200159341097
     656.4745830553702035       0.9526218846440315
     656.4747831887925713       0.9721279237419367
     656.4749833222148254       0.9804298598319292
     656.4751834556370795       0.8914694413542747
     656.4753835890593336       1.0517257861793041
     656.4755837224817014       0.9732795003801584
     656.4757838559039556       0.9856391949579120
     656.4759839893262097       0.9699806421995163
     656.4761841227484638       1.0162441395223141
     656.4763842561708316       0.9739978220313787
     656.4765843895930857       1.0371336974203587
     656.4767845230153398       0.9813104718923569
     656.4769846564375939       0.9743966702371836
     656.4771847898599617       0.9607108123600483
     656.4773849232822158       1.0150385890156031
     656.4775850567044699       0.9972975158598274
     656.4777851901267240       1.0813780054450035
     656.4779853235490918       0.9202173128724098
     656.4781854569713460       1.0524963140487671
     656.4783855903936001       1.0280474666506052
     656.4785857238158542       1.1067532449960709
     656.4787858572381083       0.9627220481634140
     656.4789859906604761       0.9916700143367052
     656.4791861240827302       1.0355198457837105
     656.4793862575049843       0.9314828142523766
     656.4795863909272384       1.0369299910962582
     656.4797865243496062       0.9770712442696095
     656.4799866577718603       1.0195113252848387
     656.4801867911941144       0.9658798649907112
     656.4803869246163686       1.0166223626583815
     656.4805870580387364       0.9650516696274281
     656.4807871914609905       0.9991496963193640
     656.4809873248832446       1.0829704329371452
     656.4811874583054987       1.0099378889426589
     656.4813875917278665       0.9935467974282801
     656.4815877251501206       1.0241230353713036
     656.4817878585723747       0.9180620387196541
     656.4819879919946288       0.8614019006490707
     656.4821881254169966       1.0713519006967545
     656.4823882588392507       1.0614848211407661
     656.4825883922615049       0.9320179969072342
     656.4827885256837590       0.9975603446364403
     656.4829886591061268       1.0034153589513153
     656.4831887925283809       1.0766392052173615
     656.4833889259506350       0.9710197560489178
     656.4835890593728891       0.9170301258563995
     656.4837891927951432       0.9785450100898743
     656.4839893262175110       0.9474194869399071
     656.4841894596397651       0.9800405763089657
     656.4843895930620192       0.9723437521606684
     656.4845897264842733       1.0461088195443153
     656.4847898599066411       0.9389183446764946
     656.4849899933288953       1.0465643666684628
     656.4851901267511494       1.0302662141621113
     656.4853902601734035       0.9905293677002192
     656.4855903935957713       0.9824998695403337
     656.4857905270180254       0.9909298857674003
     656.4859906604402795       1.0874911993741989
     656.4861907938625336       1.0040130624547601
     656.4863909272849014       1.0562252812087536
     656.4865910607071555       1.0424964278936386
     656.4867911941294096       1.0014422516105697
     656.4869913275516637       1.0630028545856476
     656.4871914609740315       0.9903653645887971
     656.4873915943962857       0.9080763906240463
     656.4875917278185398       1.0388356149196625
     656.4877918612407939       0.9859804781153798
     656.4879919946631617       1.0326178632676601
     656.4881921280854158       1.0426967851817608
     656.4883922615076699       1.0834912210702896
     656.4885923949299240       0.9767243396490812
     656.4887925283522918       1.0629264190793037
     656.4889926617745459       1.0189315211027861
     656.4891927951968000       0.9502660296857357
     656.4893929286190541       1.0288033187389374
     656.4895930620413083       1.0185210052877665
     656.4897931954636761       1.0565206520259380
     656.4899933288859302       0.9926663553342223
     656.4901934623081843       1.0320779532194138
     656.4903935957304384       0.9755590558052063
     656.4905937291528062       1.0790733322501183
     656.4907938625750603       1.0374379828572273
     656.4909939959973144       1.0540700517594814
     656.4911941294195685       1.0639841556549072
     656.4913942628419363       1.0181928556412458
     656.4915943962641904       0.9698977861553431
     656.4917945296864445       1.0667395591735840
     656.4919946631086987       1.0212896186858416
     656.4921947965310665       0.9588580951094627
     656.4923949299533206       1.0082301944494247
     656.4925950633755747       0.9956318861804903
     656.4927951967978288       0.9389418698847294
     656.4929953302201966       1.0352776609361172
     656.4931954636424507       1.0773399397730827
     656.4933955970647048       1.0554927252233028
     656.4935957304869589       0.9536091275513172
     656.4937958639093267       1.0103672230616212
     656.4939959973315808       1.0384876988828182
     656.4941961307538350       0.9879390140995383
     656.4943962641760891       0.9617093242704868
     656.4945963975983432       0.8697711974382401
     656.4947965310207110       0.9174468070268631
     656.4949966644429651       1.0269927270710468
     656.4951967978652192       0.9912398383021355
     656.4953969312874733       0.9839780274778605
     656.4955970647098411       1.0025551624130458
     656.4957971981320952       1.0776237919926643
     656.4959973315543493       1.0054796603508294
     656.4961974649766034       1.0421217940747738
     656.4963975983989712       0.9517889469861984
     656.4965977318212254       1.0283840056508780
     656.4967978652434795       0.8884242251515388
     656.4969979986657336       0.9955709916539490
     656.4971981320881014       1.0054684877395630
     656.4973982655103555       1.0399682186543941
     656.4975983989326096       1.0195262786000967
     656.4977985323548637       1.0719696581363678
     656.4979986657772315       1.0118301101028919
     656.4981987991994856       1.0115171428769827
     656.4983989326217397       0.9539707191288471
     656.4985990660439938       1.0252729859203100
     656.4987991994663616       1.0320965908467770
     656.4989993328886158       1.0272649619728327
     656.4991994663108699       0.9841037821024656
     656.4993995997331240       1.0409252308309078
     656.4995997331554918       0.9751651268452406
     656.4997998665777459       0.9982608770951629
     656.5000000000000000       0.9842764306813478

