     656.2000000000000455       0.9662022963166237
     656.2002001334222996       0.8935503363609314
     656.2004002668445537       1.0426146201789379
     656.2006004002669215       1.0607361756265163
     656.2008005336891756       1.1062512397766113
     656.2010006671114297       0.9579730145633221
     656.2012008005336838       0.9713596794754267
     656.2014009339560516       0.9885257445275784
     656.2016010673783057       1.0357537828385830
     656.2018012008005599       1.0679424032568932
     656.2020013342228140       1.0066575892269611
     656.2022014676451818       1.0104641178622842
     656.2024016010674359       1.0265872236341238
     656.2026017344896900       0.9953148462809622
     656.2028018679119441       0.9198837354779243
     656.2030020013343119       1.0580815374851227
     656.2032021347565660       1.0141564598307014
     656.2034022681788201       0.9612540788948536
     656.2036024016010742       1.0219565611332655
     656.2038025350234420       0.9380233474075794
     656.2040026684456961       1.0194544270634651
     656.2042028018679503       1.0066431174054742
     656.2044029352902044       1.1010533124208450
     656.2046030687125722       1.0647770985960960
     656.2048032021348263       1.0661058574914932
     656.2050033355570804       0.9978177319280803
     656.2052034689793345       0.9243434369564056
     656.2054036024017023       0.9698675367981195
     656.2056037358239564       1.0754100680351257
     656.2058038692462105       0.9396832995116711
     656.2060040026684646       1.0387849882245064
     656.2062041360907187       1.1027626991271973
     656.2064042695130865       1.0056200469844043
     656.2066044029353407       0.9569551832973957
     656.2068045363575948       1.0751041099429131
     656.2070046697798489       0.8989141434431076
     656.2072048032022167       0.9911078689619899
     656.2074049366244708       1.0194772332906723
     656.2076050700467249       1.0351920314133167
     656.2078052034689790       1.0233232825994492
     656.2080053368913468       0.9311926811933517
     656.2082054703136009       1.0075242430903018
     656.2084056037358550       0.9354079440236092
     656.2086057371581092       1.0465140305459499
     656.2088058705804769       1.0314388833940029
     656.2090060040027311       1.0014297404559329
     656.2092061374249852       1.0342826023697853
     656.2094062708472393       0.9844614611938596
     656.2096064042696071       1.0222995188087225
     656.2098065376918612       0.9441902376711369
     656.2100066711141153       0.9452529549598694
     656.2102068045363694       1.0673857778310776
     656.2104069379587372       1.0487289093434811
     656.2106070713809913       0.9869890883564949
     656.2108072048032454       1.0460593849420547
     656.2110073382254996       1.0602997802197933
     656.2112074716477537       1.0148304747417569
     656.2114076050701215       1.0076176151633263
     656.2116077384923756       0.9946782956831157
     656.2118078719146297       1.0710374042391777
     656.2120080053368838       0.9878317350521684
     656.2122081387592516       0.9887394886463881
     656.2124082721815057       0.9534889832139015
     656.2126084056037598       1.0254477914422750
     656.2128085390260139       0.9302598237991333
     656.2130086724483817       0.9675200134515762
     656.2132088058706358       1.0236369166523218
     656.2134089392928900       1.0193851348012686
     656.2136090727151441       0.9558416344225407
     656.2138092061375119       0.9549836590886116
     656.2140093395597660       0.9217919781804085
     656.2142094729820201       1.0714258700609207
     656.2144096064042742       0.9970523321535438
     656.2146097398266420       1.1091449260711670
     656.2148098732488961       1.0164110381156206
     656.2150100066711502       1.0261018108576536
     656.2152101400934043       0.9536725394427776
     656.2154102735157721       1.0083182277157903
     656.2156104069380262       0.9191396981477737
     656.2158105403602804       0.9917489178478718
     656.2160106737825345       0.9364740699529648
     656.2162108072049023       1.0104537038132548
     656.2164109406271564       0.9894812181591988
     656.2166110740494105       1.0168023724108934
     656.2168112074716646       1.0265457313507795
     656.2170113408939187       1.1776091009378433
     656.2172114743162865       0.9961356951389462
     656.2174116077385406       0.9824841264635324
     656.2176117411607947       1.0544940903782845
     656.2178118745830488       1.0545171461999416
     656.2180120080054166       1.0245745386928320
     656.2182121414276708       0.9343968853354454
     656.2184122748499249       1.0036857395898551
     656.2186124082721790       1.0824925750494003
     656.2188125416945468       1.0094984034076333
     656.2190126751168009       1.0344645343720913
     656.2192128085390550       0.9701410587877035
     656.2194129419613091       0.9596166908740997
     656.2196130753836769       1.0028261279221624
     656.2198132088059310       1.0288531575351954
     656.2200133422281851       0.9760519526898861
     656.2202134756504392       1.1141132488846779
     656.2204136090728070       1.0351103134453297
     656.2206137424950612       1.0323243401944637
     656.2208138759173153       0.9976642769761384
     656.2210140093395694       0.9989969352027401
     656.2212141427619372       1.0764908716082573
     656.2214142761841913       0.9229186102747917
     656.2216144096064454       0.9532680362462997
     656.2218145430286995       1.0239710416644812
     656.2220146764509536       0.9786221180111170
     656.2222148098733214       0.9532625712454319
     656.2224149432955755       0.8698889464139938
     656.2226150767178297       0.9750943388789892
     656.2228152101400838       0.9877314651384950
     656.2230153435624516       1.0700298398733139
     656.2232154769847057       0.9838774707168341
     656.2234156104069598       0.9346521571278572
     656.2236157438292139       0.9873030083253980
     656.2238158772515817       0.9795732218772173
     656.2240160106738358       1.0253846980631351
     656.2242161440960899       0.9585576094686985
     656.2244162775183440       1.0513849742710590
     656.2246164109407118       1.0246460046619177
     656.2248165443629659       1.0674440190196037
     656.2250166777852201       1.0555547550320625
     656.2252168112074742       1.0133830728009343
     656.2254169446298420       0.9561921805143356
     656.2256170780520961       1.0507685802876949
     656.2258172114743502       1.0504438988864422
     656.2260173448966043       1.0532824471592903
     656.2262174783189721       1.0070064836181700
     656.2264176117412262       0.9051887914538383
     656.2266177451634803       0.9716442432254553
     656.2268178785857344       0.9941114890389144
     656.2270180120081022       1.0705692693591118
     656.2272181454303563       1.0262332893908024
     656.2274182788526105       1.0084091713652015
     656.2276184122748646       0.9767417479306459
     656.2278185456971187       1.0129543161019683
     656.2280186791194865       0.9921880518086255
     656.2282188125417406       1.0133511042222381
     656.2284189459639947       1.0051289442926645
     656.2286190793862488       0.9663681760430336
     656.2288192128086166       1.0616555698215961
     656.2290193462308707       1.0354371443390846
     656.2292194796531248       0.9931863513775170
     656.2294196130753789       0.9872921211645007
     656.2296197464977467       1.0930309072136879
     656.2298198799200009       1.0027688050176948
     656.2300200133422550       0.9744873605668545
     656.2302201467645091       0.9747800920158625
     656.2304202801868769       1.0190538056194782
     656.2306204136091310       1.0639547631144524
     656.2308205470313851       0.9481583572924137
     656.2310206804536392       1.0272050593048334
     656.2312208138760070       0.9402017109096050
     656.2314209472982611       0.9767919518053532
     656.2316210807205152       0.9962007689755410
     656.2318212141427693       0.9763852730393410
     656.2320213475651371       0.9991946615045890
     656.2322214809873913       0.9960415698587894
     656.2324216144096454       1.0285981055349112
     656.2326217478318995       0.9548521302640438
     656.2328218812541536       1.0314352512359619
     656.2330220146765214       1.0020502831321210
     656.2332221480987755       0.9462623186409473
     656.2334222815210296       1.0798912197351456
     656.2336224149432837       1.0496537908911705
     656.2338225483656515       0.9162276983261108
     656.2340226817879056       1.0006172886933200
     656.2342228152101598       0.9668531306087971
     656.2344229486324139       1.0053845946677029
     656.2346230820547817       0.9296369329094887
     656.2348232154770358       1.0270231422036886
     656.2350233488992899       1.0132569493725896
     656.2352234823215440       1.0503793545067310
     656.2354236157439118       0.9579246677458286
     656.2356237491661659       0.9822892080992460
     656.2358238825884200       0.9309559464454651
     656.2360240160106741       1.1087814494967461
     656.2362241494330419       0.9832785651087761
     656.2364242828552960       0.9839176889508963
     656.2366244162775502       1.0482638478279114
     656.2368245496998043       1.0155127644538879
     656.2370246831221721       0.9836966972798109
     656.2372248165444262       0.9964378068689257
     656.2374249499666803       1.0886222273111343
     656.2376250833889344       1.0912561491131783
     656.2378252168113022       1.0430323071777821
     656.2380253502335563       1.0129735125228763
     656.2382254836558104       1.0700893029570580
     656.2384256170780645       1.0013325958279893
     656.2386257505003186       1.0352389104664326
     656.2388258839226864       0.9207771718502045
     656.2390260173449406       1.0182038582861423
     656.2392261507671947       0.9946330962702632
     656.2394262841894488       1.0331508517265320
     656.2396264176118166       1.0947234481573105
     656.2398265510340707       1.0042857881635427
     656.2400266844563248       0.9953083158470690
     656.2402268178785789       1.0110790934413671
     656.2404269513009467       0.9475667290389538
     656.2406270847232008       0.9730038959532976
     656.2408272181454549       1.0445088557898998
     656.2410273515677090       0.9920781645923853
     656.2412274849900768       0.9754825886338949
     656.2414276184123310       0.9638197645545006
     656.2416277518345851       1.0145926177501678
     656.2418278852568392       0.9949815734289587
     656.2420280186792070       1.0296434350311756
     656.2422281521014611       0.9437892138957977
     656.2424282855237152       0.9986296646529809
     656.2426284189459693       1.0062777982093394
     656.2428285523683371       1.0139191178604960
     656.2430286857905912       1.0452375523746014
     656.2432288192128453       0.9506344348192215
     656.2434289526350994       1.0108202341943979
     656.2436290860574672       0.9881713986396790
     656.2438292194797214       1.0197926349937916
     656.2440293529019755       1.0554884374141693
     656.2442294863242296       1.0147784268483520
     656.2444296197464837       1.0789384245872498
     656.2446297531688515       1.0850883573293686
     656.2448298865911056       0.9735792875289917
     656.2450300200133597       0.9967125188559294
     656.2452301534356138       1.0126435179263353
     656.2454302868579816       0.9754313323646784
     656.2456304202802357       1.0435788258910179
     656.2458305537024899       1.0197163615375757
     656.2460306871247440       1.0408848598599434
     656.2462308205471118       1.0623532421886921
     656.2464309539693659       1.0049658310599625
     656.2466310873916200       0.9593679644167423
     656.2468312208138741       0.9631140008568764
     656.2470313542362419       1.0489682480692863
     656.2472314876584960       1.0125063424929976
     656.2474316210807501       1.0605252273380756
     656.2476317545030042       0.9725690446794033
     656.2478318879253720       1.0070384824648499
     656.2480320213476261       1.0312850698828697
     656.2482321547698803       1.0633276030421257
     656.2484322881921344       0.9969955619890243
     656.2486324216145022       0.9004606828093529
     656.2488325550367563       0.9038924574851990
     656.2490326884590104       1.0091600287705660
     656.2492328218812645       1.0358711034059525
     656.2494329553035186       0.9334656894207001
     656.2496330887258864       1.0093471361324191
     656.2498332221481405       0.8772669285535812
     656.2500333555703946       1.0162895377725363
     656.2502334889926487       1.0333469510078430
     656.2504336224150165       1.0546051822602749
     656.2506337558372707       1.0830942094326019
     656.2508338892595248       0.9979145852848887
     656.2510340226817789       1.0122118527069688
     656.2512341561041467       0.9591575302183628
     656.2514342895264008       0.9665830023586750
     656.2516344229486549       0.9568508192896843
     656.2518345563709090       1.0517363809049129
     656.2520346897932768       0.9477489516139030
     656.2522348232155309       0.9709470719099045
     656.2524349566377850       1.0410343073308468
     656.2526350900600391       1.0343387387692928
     656.2528352234824069       1.0103045683354139
     656.2530353569046611       1.0598870888352394
     656.2532354903269152       1.0003903298347723
     656.2534356237491693       1.0226174388080835
     656.2536357571715371       1.0072748051024973
     656.2538358905937912       0.9390819706022739
     656.2540360240160453       0.9502834416925907
     656.2542361574382994       0.9775375705212355
     656.2544362908606672       1.0095670437440276
     656.2546364242829213       1.0223215706646442
     656.2548365577051754       1.0600218288600445
     656.2550366911274295       0.9107032269239426
     656.2552368245496837       1.0583857074379921
     656.2554369579720515       1.0306102912873030
     656.2556370913943056       1.0746768787503242
     656.2558372248165597       0.9040317311882973
     656.2560373582388138       1.0217372775077820
     656.2562374916611816       0.9074709564447403
     656.2564376250834357       1.0010408222442493
     656.2566377585056898       1.0063908020965755
     656.2568378919279439       0.9062095656991005
     656.2570380253503117       0.9471660070121288
     656.2572381587725658       1.1484542936086655
     656.2574382921948200       0.9413751848042011
     656.2576384256170741       1.0416624434292316
     656.2578385590394419       1.1042395457625389
     656.2580386924616960       0.9543558098375797
     656.2582388258839501       1.0401829443871975
     656.2584389593062042       0.9718465562909842
     656.2586390927285720       1.0457220934331417
     656.2588392261508261       1.0200067479163408
     656.2590393595730802       0.9860762730240822
     656.2592394929953343       1.0098397349938750
     656.2594396264177021       0.9190789833664894
     656.2596397598399562       1.0809937417507172
     656.2598398932622104       1.0402927324175835
     656.2600400266844645       0.9775341171771288
     656.2602401601067186       0.8880776241421700
     656.2604402935290864       0.9909783201292157
     656.2606404269513405       0.9367894977331161
     656.2608405603735946       0.9399604536592960
     656.2610406937958487       1.0319351963698864
     656.2612408272182165       0.9780737198889256
     656.2614409606404706       0.9880828531458974
     656.2616410940627247       0.8495594412088394
     656.2618412274849788       0.9927937318570912
     656.2620413609073466       1.0410268977284431
     656.2622414943296008       1.0165445264428854
     656.2624416277518549       1.0902521908283234
     656.2626417611741090       1.0401420034468174
     656.2628418945964768       1.0189000982791185
     656.2630420280187309       0.9713681843131781
     656.2632421614409850       0.9517522156238556
     656.2634422948632391       0.9978171139955521
     656.2636424282856069       1.0068700979463756
     656.2638425617078610       1.0272596534341574
     656.2640426951301151       1.0321147963404655
     656.2642428285523692       0.9652506709098816
     656.2644429619747370       0.9214209020137787
     656.2646430953969912       1.0027046618051827
     656.2648432288192453       0.9616792611777782
     656.2650433622414994       1.1171389445662498
     656.2652434956638672       1.0380551293492317
     656.2654436290861213       0.9140270724892616
     656.2656437625083754       1.0363614223897457
     656.2658438959306295       1.0450478903949261
     656.2660440293528836       1.0505081787705421
     656.2662441627752514       0.9900655588135123
     656.2664442961975055       1.0098372697830200
     656.2666444296197596       0.9464167058467865
     656.2668445630420138       1.0372261665761471
     656.2670446964643816       0.9807499740272760
     656.2672448298866357       1.1070205494761467
     656.2674449633088898       1.0091784708201885
     656.2676450967311439       1.0404127798974514
     656.2678452301535117       0.9781113807111979
     656.2680453635757658       1.0508672855794430
     656.2682454969980199       1.0447315573692322
     656.2684456304202740       0.9728026110678911
     656.2686457638426418       0.9357778429985046
     656.2688458972648959       0.9042043462395668
     656.2690460306871501       0.9248243868350983
     656.2692461641094042       1.1005276814103127
     656.2694462975317720       1.0330430231988430
     656.2696464309540261       0.9368268251419067
     656.2698465643762802       0.9304992556571960
     656.2700466977985343       1.0000102319099824
     656.2702468312209021       1.0299348179250956
     656.2704469646431562       0.9424121975898743
     656.2706470980654103       1.0552722327411175
     656.2708472314876644       1.0561164319515228
     656.2710473649099185       1.0786773338913918
     656.2712474983322863       0.8897617235779762
     656.2714476317545405       1.0362319312989712
     656.2716477651767946       0.9582364894449711
     656.2718478985990487       0.9559362344443798
     656.2720480320214165       1.0342603139579296
     656.2722481654436706       1.0067772604525089
     656.2724482988659247       1.1206870228052139
     656.2726484322881788       0.9106590971350670
     656.2728485657105466       1.0863873362541199
     656.2730486991328007       0.9976867532823235
     656.2732488325550548       0.9461209885776043
     656.2734489659773089       1.0030579699669033
     656.2736490993996767       0.9377007782459259
     656.2738492328219309       1.0024893877562135
     656.2740493662441850       0.9544682651758194
     656.2742494996664391       1.0413666702806950
     656.2744496330888069       0.9646103382110596
     656.2746497665110610       1.0165444947779179
     656.2748498999333151       0.8949965015053749
     656.2750500333555692       0.8659110814332962
     656.2752501667779370       0.9083806499838829
     656.2754503002001911       0.9850343419238925
     656.2756504336224452       1.0259806010872126
     656.2758505670446993       1.0166809055954218
     656.2760507004670671       1.0003910366503987
     656.2762508338893213       0.9830380827188492
     656.2764509673115754       0.9982133818557486
     656.2766511007338295       1.0504401512444019
     656.2768512341560836       0.9984495403477922
     656.2770513675784514       1.0395068712532520
     656.2772515010007055       0.9563894681632519
     656.2774516344229596       1.0044761118479073
     656.2776517678452137       0.9767695050686598
     656.2778519012675815       1.0213430076837540
     656.2780520346898356       1.0814309716224670
     656.2782521681120897       1.0045352331362665
     656.2784523015343439       0.9952108245342970
     656.2786524349567117       1.0596619360148907
     656.2788525683789658       1.0606932714581490
     656.2790527018012199       1.0790969952940941
     656.2792528352234740       1.0756466612219810
     656.2794529686458418       1.0665362030267715
     656.2796531020680959       1.0418422184884548
     656.2798532354903500       0.9616154767572880
     656.2800533689126041       1.0834287032485008
     656.2802535023349719       1.0123573718592525
     656.2804536357572260       1.0412407815456390
     656.2806537691794802       1.0656498447060585
     656.2808539026017343       0.9744430147111416
     656.2810540360241021       1.0776543244719505
     656.2812541694463562       1.0589936487376690
     656.2814543028686103       0.9775509256869555
     656.2816544362908644       1.0481839999556541
     656.2818545697131185       0.9701428767293692
     656.2820547031354863       1.0767580196261406
     656.2822548365577404       1.0815780982375145
     656.2824549699799945       0.9881164068356156
     656.2826551034022486       0.8743650466203690
     656.2828552368246164       0.9287129566073418
     656.2830553702468706       0.9589256197214127
     656.2832555036691247       1.0172373708337545
     656.2834556370913788       1.0206306260079145
     656.2836557705137466       0.9779723510146141
     656.2838559039360007       0.9284237325191498
     656.2840560373582548       1.0808880180120468
     656.2842561707805089       1.0232604760676622
     656.2844563042028767       1.0104013495147228
     656.2846564376251308       0.9543777443468571
     656.2848565710473849       1.1106337830424309
     656.2850567044696390       1.0876791477203369
     656.2852568378920068       1.0928485542535782
     656.2854569713142610       1.0039070798084140
     656.2856571047365151       1.0668759420514107
     656.2858572381587692       0.9954698779620230
     656.2860573715811370       1.0117555325850844
     656.2862575050033911       0.9691217783838511
     656.2864576384256452       0.9583096355199814
     656.2866577718478993       1.0734465643763542
     656.2868579052702671       0.9790775459259748
     656.2870580386925212       0.9608763083815575
     656.2872581721147753       1.0372534357011318
     656.2874583055370294       1.0171138849109411
     656.2876584389592836       1.0550180487334728
     656.2878585723816514       0.9650676362216473
     656.2880587058039055       0.9942346070893109
     656.2882588392261596       1.0805643722414970
     656.2884589726484137       1.0188297796994448
     656.2886591060707815       1.0216418318450451
     656.2888592394930356       1.0664146021008492
     656.2890593729152897       1.0483578220009804
     656.2892595063375438       0.9647720903158188
     656.2894596397599116       0.9898415440693498
     656.2896597731821657       1.0186445638537407
     656.2898599066044198       1.0318273007869720
     656.2900600400266740       0.9522779695689678
     656.2902601734490418       0.9854587567970157
     656.2904603068712959       0.9846652327105403
     656.2906604402935500       1.0257000029087067
     656.2908605737158041       0.9887286359444261
     656.2910607071381719       0.9879130721092224
     656.2912608405604260       0.9776720646768808
     656.2914609739826801       1.0224729999899864
     656.2916611074049342       0.9925850084982812
     656.2918612408273020       1.0595503561198711
     656.2920613742495561       0.9918420789763331
     656.2922615076718103       1.0401910431683064
     656.2924616410940644       0.9447356685996056
     656.2926617745164322       0.9649736098945141
     656.2928619079386863       1.0688512772321701
     656.2930620413609404       0.9673245064914227
     656.2932621747831945       0.9222668483853340
     656.2934623082054486       1.0435213558375835
     656.2936624416278164       0.9847798207774758
     656.2938625750500705       1.0415072627365589
     656.2940627084723246       1.1144970059394836
     656.2942628418945787       0.8799329772591591
     656.2944629753169465       1.0233394186943769
     656.2946631087392007       0.9714844319969416
     656.2948632421614548       0.9858100712299347
     656.2950633755837089       1.0409618057310581
     656.2952635090060767       0.9532789699733257
     656.2954636424283308       1.0506339333951473
     656.2956637758505849       1.0726697519421577
     656.2958639092728390       1.0340235792100430
     656.2960640426952068       0.9512202143669128
     656.2962641761174609       0.9248684719204903
     656.2964643095397150       1.0079442709684372
     656.2966644429619691       1.0247795172035694
     656.2968645763843369       1.0482893213629723
     656.2970647098065911       0.9899214645847678
     656.2972648432288452       0.9873018395155668
     656.2974649766510993       0.9888674234971404
     656.2976651100734671       1.0725710093975067
     656.2978652434957212       0.9685991480946541
     656.2980653769179753       1.0430927239358425
     656.2982655103402294       1.0910738557577133
     656.2984656437624835       1.0164522752165794
     656.2986657771848513       0.9795064963400364
     656.2988659106071054       0.9761476907879114
     656.2990660440293595       1.0478011779487133
     656.2992661774516137       0.9866923019289970
     656.2994663108739815       1.0564273558557034
     656.2996664442962356       0.9580233432352543
     656.2998665777184897       0.9560077972710133
     656.3000667111407438       1.0333152115345001
     656.3002668445631116       1.0457864813506603
     656.3004669779853657       0.9599327556788921
     656.3006671114076198       0.9533368535339832
     656.3008672448298739       0.9800031408667564
     656.3010673782522417       1.0217149984091520
     656.3012675116744958       0.9035150781273842
     656.3014676450967499       0.9794230740517378
     656.3016677785190041       1.0203740261495113
     656.3018679119413719       1.0227449908852577
     656.3020680453636260       0.9719223547726870
     656.3022681787858801       1.0074167973361909
     656.3024683122081342       1.0366018787026405
     656.3026684456305020       1.0156778395175934
     656.3028685790527561       1.0627598688006401
     656.3030687124750102       1.0392940938472748
     656.3032688458972643       1.0317802205681801
     656.3034689793196321       0.9156676158308983
     656.3036691127418862       0.9658009707927704
     656.3038692461641403       0.9953918210230768
     656.3040693795863945       0.9352871552109718
     656.3042695130086486       0.9523324035108089
     656.3044696464310164       1.0326859019696712
     656.3046697798532705       1.0392341092228889
     656.3048699132755246       0.9679898396134377
     656.3050700466977787       0.9741601347923279
     656.3052701801201465       1.0716942921280861
     656.3054703135424006       1.0334267579019070
     656.3056704469646547       1.0394939258694649
     656.3058705803869088       0.9954089005477726
     656.3060707138092766       1.0787599906325340
     656.3062708472315308       0.9885996617376804
     656.3064709806537849       0.9097880348563194
     656.3066711140760390       1.0703094527125359
     656.3068712474984068       1.0225357655435801
     656.3070713809206609       1.0380237735807896
     656.3072715143429150       0.9731210581958294
     656.3074716477651691       1.0429931394755840
     656.3076717811875369       0.9436206705868244
     656.3078719146097910       1.0830482691526413
     656.3080720480320451       1.0337242260575294
     656.3082721814542992       0.9729240294545889
     656.3084723148766670       0.9420229792594910
     656.3086724482989212       0.9623731859028339
     656.3088725817211753       1.0558032691478729
     656.3090727151434294       1.0416752286255360
     656.3092728485656835       0.9651170000433922
     656.3094729819880513       0.9504537545144558
     656.3096731154103054       0.9816793911159039
     656.3098732488325595       0.9701027143746614
     656.3100733822548136       1.0112190432846546
     656.3102735156771814       1.0622866339981556
     656.3104736490994355       1.0022814772091806
     656.3106737825216896       0.9778957162052393
     656.3108739159439438       1.0313701741397381
     656.3110740493663116       0.9491826929152012
     656.3112741827885657       1.0006364608416334
     656.3114743162108198       0.9884578371420503
     656.3116744496330739       1.1181044206023216
     656.3118745830554417       0.9989958056248724
     656.3120747164776958       1.1261336505413055
     656.3122748498999499       1.0161115508526564
     656.3124749833222040       0.9741127640008926
     656.3126751167445718       0.9904414787888527
     656.3128752501668259       1.0348214916884899
     656.3130753835890800       0.9122753515839577
     656.3132755170113342       0.9948047650977969
     656.3134756504337020       0.9123536199331284
     656.3136757838559561       1.0569687299430370
     656.3138759172782102       0.9530182033777237
     656.3140760507004643       0.9051864370703697
     656.3142761841228321       0.9478762373328209
     656.3144763175450862       1.1087012067437172
     656.3146764509673403       1.0067875399254262
     656.3148765843895944       1.0176435410976410
     656.3150767178118485       0.9790204260498285
     656.3152768512342163       0.9507887102663517
     656.3154769846564704       1.0706074908375740
     656.3156771180787246       1.0102831358090043
     656.3158772515009787       1.0612956881523132
     656.3160773849233465       0.9828894212841988
     656.3162775183456006       1.0042632929980755
     656.3164776517678547       0.8855765685439110
     656.3166777851901088       1.1166318878531456
     656.3168779186124766       0.9611882157623768
     656.3170780520347307       0.9634341336786747
     656.3172781854569848       1.0473091937601566
     656.3174783188792389       0.9708550423383713
     656.3176784523016067       0.9631038829684258
     656.3178785857238609       0.9765689037740231
     656.3180787191461150       1.0259093698114157
     656.3182788525683691       1.0237697064876556
     656.3184789859907369       1.0052060983143747
     656.3186791194129910       1.0293360855430365
     656.3188792528352451       0.9165100529789925
     656.3190793862574992       0.9238319322466850
     656.3192795196798670       0.9996841187530663
     656.3194796531021211       1.0043301512487233
     656.3196797865243752       1.0724969729781151
     656.3198799199466293       0.9927036487497389
     656.3200800533688835       0.9517164714634418
     656.3202801867912513       0.9420528002083302
     656.3204803202135054       0.9874123567715287
     656.3206804536357595       0.9501529075205326
     656.3208805870580136       0.9882518509402871
     656.3210807204803814       1.0050466493703425
     656.3212808539026355       0.9413250610232353
     656.3214809873248896       1.0195073392242193
     656.3216811207471437       1.0322930850088596
     656.3218812541695115       0.9699783269315958
     656.3220813875917656       1.0442317500710487
     656.3222815210140197       1.0144315380603075
     656.3224816544362739       1.0678453370928764
     656.3226817878586417       0.9922407143749297
     656.3228819212808958       0.9981968126958236
     656.3230820547031499       0.9942621015943587
     656.3232821881254040       1.0012946776114404
     656.3234823215477718       1.0342240445315838
     656.3236824549700259       0.9841988552361727
     656.3238825883922800       1.0362565405666828
     656.3240827218145341       1.0207818876951933
     656.3242828552369019       0.9688265044242144
     656.3244829886591560       0.9653030969202518
     656.3246831220814101       1.0358681008219719
     656.3248832555036643       1.0187259577214718
     656.3250833889260321       1.0277784299105406
     656.3252835223482862       1.0236054342240095
     656.3254836557705403       1.0178336314857006
     656.3256837891927944       0.9481484480202198
     656.3258839226150485       1.0153979212045670
     656.3260840560374163       1.0397739000618458
     656.3262841894596704       1.0246944781392813
     656.3264843228819245       0.9404687024652958
     656.3266844563041786       1.0164398010820150
     656.3268845897265464       1.0459548570215702
     656.3270847231488005       0.9391866736114025
     656.3272848565710547       1.0360483042895794
     656.3274849899933088       1.0788246765732765
     656.3276851234156766       0.9800075292587280
     656.3278852568379307       1.0521654300391674
     656.3280853902601848       1.0008323708898388
     656.3282855236824389       0.9316902533173561
     656.3284856571048067       0.9441388584673405
     656.3286857905270608       1.0121581126004457
     656.3288859239493149       1.0242903213948011
     656.3290860573715690       0.9608340300619602
     656.3292861907939368       0.9677414596080780
     656.3294863242161910       0.9759855717420578
     656.3296864576384451       1.0269355382770300
     656.3298865910606992       0.9788949526846409
     656.3300867244830670       1.1185466200113297
     656.3302868579053211       1.0120152784511447
     656.3304869913275752       0.9031972438097000
     656.3306871247498293       1.0209336988627911
     656.3308872581721971       0.9445771500468254
     656.3310873915944512       1.0042868787422776
     656.3312875250167053       1.0801348388195038
     656.3314876584389594       1.0514666102826595
     656.3316877918612136       0.9656275138258934
     656.3318879252835814       0.9610153175890446
     656.3320880587058355       0.9318374767899513
     656.3322881921280896       0.9972942238673568
     656.3324883255503437       0.8763280883431435
     656.3326884589727115       1.0541506372392178
     656.3328885923949656       1.0239663254469633
     656.3330887258172197       0.8806856051087379
     656.3332888592394738       0.8984337300062180
     656.3334889926618416       0.9766824897378683
     656.3336891260840957       1.0194249935448170
     656.3338892595063498       0.9471578933298588
     656.3340893929286040       1.0438178665935993
     656.3342895263509718       0.9526015073060989
     656.3344896597732259       1.0394733957946301
     656.3346897931954800       0.9804120827466249
     656.3348899266177341       0.9850759403780103
     656.3350900600401019       1.0581823699176311
     656.3352901934623560       0.9596691913902760
     656.3354903268846101       1.0058399909175932
     656.3356904603068642       0.9904907466843724
     656.3358905937292320       0.9188144877552986
     656.3360907271514861       0.8979815244674683
     656.3362908605737402       1.0381904803216457
     656.3364909939959944       1.0040480974130332
     656.3366911274182485       0.9530524760484695
     656.3368912608406163       1.1194339543581009
     656.3370913942628704       1.0826677903532982
     656.3372915276851245       0.9694445487111807
     656.3374916611073786       1.0332197882235050
     656.3376917945297464       0.9892921373248100
     656.3378919279520005       1.0175146665424109
     656.3380920613742546       1.1211949810385704
     656.3382921947965087       1.0129279913380742
     656.3384923282188765       0.9393245205283165
     656.3386924616411306       1.0366691574454308
     656.3388925950633848       0.9469952769577503
     656.3390927284856389       0.9249558672308922
     656.3392928619080067       0.9391207993030548
     656.3394929953302608       0.9168844595551491
     656.3396931287525149       0.9848198574036360
     656.3398932621747690       1.0084332749247551
     656.3400933955971368       1.0855606049299240
     656.3402935290193909       0.9703335072845221
     656.3404936624416450       0.9866891708225012
     656.3406937958638991       0.9949861685745418
     656.3408939292862669       0.9843364730477333
     656.3410940627085211       1.0289896782487631
     656.3412941961307752       1.0393453389406204
     656.3414943295530293       1.0735630542039871
     656.3416944629753971       1.0577653422951698
     656.3418945963976512       0.9877943107858300
     656.3420947298199053       1.0819259956479073
     656.3422948632421594       1.0221179332584143
     656.3424949966644135       0.9159451201558113
     656.3426951300867813       0.9395660199224949
     656.3428952635090354       0.9820366427302361
     656.3430953969312895       0.9847919372841716
     656.3432955303535437       0.9308540746569633
     656.3434956637759115       0.9924075608141720
     656.3436957971981656       1.0630153343081474
     656.3438959306204197       1.0186516046524048
     656.3440960640426738       1.0429576300084591
     656.3442961974650416       0.9785724729299545
     656.3444963308872957       1.0621118545532227
     656.3446964643095498       0.9251168221235275
     656.3448965977318039       1.0663525685667992
     656.3450967311541717       0.9551907405257225
     656.3452968645764258       1.0465545766055584
     656.3454969979986799       1.0114130433648825
     656.3456971314209341       1.0053581586107612
     656.3458972648433019       0.9916853522881866
     656.3460973982655560       0.9347243607044220
     656.3462975316878101       1.0498925037682056
     656.3464976651100642       1.0290655475109816
     656.3466977985324320       0.9680156745016575
     656.3468979319546861       0.9823782835155725
     656.3470980653769402       1.0895335450768471
     656.3472981987991943       1.0235783718526363
     656.3474983322214484       1.0934480205178261
     656.3476984656438162       0.9971992087084800
     656.3478985990660703       1.0325540825724602
     656.3480987324883245       1.0271750334650278
     656.3482988659105786       1.0370092540979385
     656.3484989993329464       0.9719804134219885
     656.3486991327552005       0.9744693096727133
     656.3488992661774546       0.9707962144166231
     656.3490993995997087       0.9810356292873621
     656.3492995330220765       0.9716023709625006
     656.3494996664443306       0.9413849636912346
     656.3496997998665847       1.0376907624304295
     656.3498999332888388       1.0059719104319811
     656.3501000667112066       1.0029376109596342
     656.3503002001334607       0.9490996897220612
     656.3505003335557149       0.9499161727726460
     656.3507004669779690       0.9640469923615456
     656.3509006004003368       0.9546540677547455
     656.3511007338225909       0.9987107281340286
     656.3513008672448450       0.9952073348686099
     656.3515010006670991       0.9047210440039635
     656.3517011340894669       1.0188387893140316
     656.3519012675117210       0.9972339053638279
     656.3521014009339751       0.9298298060894012
     656.3523015343562292       1.0722049847245216
     656.3525016677785970       1.0267414301633835
     656.3527018012008512       0.9678646363317966
     656.3529019346231053       1.0045404355041683
     656.3531020680453594       0.9403284229338169
     656.3533022014676135       0.9729021582752466
     656.3535023348899813       1.0315835289657116
     656.3537024683122354       0.9526892714202404
     656.3539026017344895       0.9955507763661444
     656.3541027351567436       0.9862767541781068
     656.3543028685791114       1.0015547986840829
     656.3545030020013655       0.9760524518787861
     656.3547031354236196       1.1277543753385544
     656.3549032688458738       0.9333616197109222
     656.3551034022682416       0.9789604451507330
     656.3553035356904957       0.9967365607153624
     656.3555036691127498       0.9737872723490000
     656.3557038025350039       1.0045136469416320
     656.3559039359573717       1.0353544466197491
     656.3561040693796258       0.8875553607940674
     656.3563042028018799       0.9664221107959747
     656.3565043362241340       0.9591161124408245
     656.3567044696465018       1.0145400613546371
     656.3569046030687559       0.9971652647946030
     656.3571047364910100       0.9545317143201828
     656.3573048699132642       1.0199062060564756
     656.3575050033356320       1.0078043565154076
     656.3577051367578861       1.0556233227252960
     656.3579052701801402       1.0719868168234825
     656.3581054036023943       1.1172178015112877
     656.3583055370246484       0.9367591813206673
     656.3585056704470162       1.0673188567161560
     656.3587058038692703       0.9137548059225082
     656.3589059372915244       0.9675279892981052
     656.3591060707137785       1.0258071273565292
     656.3593062041361463       0.9964937083423138
     656.3595063375584004       1.0228200312703848
     656.3597064709806546       0.9949984555132687
     656.3599066044029087       1.0576070211827755
     656.3601067378252765       0.9856948480010033
     656.3603068712475306       1.0119328275322914
     656.3605070046697847       1.0512430071830750
     656.3607071380920388       0.9955105874687433
     656.3609072715144066       1.0580548606812954
     656.3611074049366607       1.0065793688409030
     656.3613075383589148       0.9879953665658832
     656.3615076717811689       1.0224211607128382
     656.3617078052035367       1.0151055622845888
     656.3619079386257908       1.0239741485565901
     656.3621080720480450       1.0157062765210867
     656.3623082054702991       1.0016342839226127
     656.3625083388926669       0.9557870291173458
     656.3627084723149210       1.0388289131224155
     656.3629086057371751       1.0664394423365593
     656.3631087391594292       0.9577750302851200
     656.3633088725817970       0.9708649665117264
     656.3635090060040511       1.0037662552203983
     656.3637091394263052       0.9409589208662510
     656.3639092728485593       1.0322420038282871
     656.3641094062708135       0.9982915921136737
     656.3643095396931813       1.0251250397413969
     656.3645096731154354       1.0515734553337097
     656.3647098065376895       1.0053516342304647
     656.3649099399599436       1.1065879017114637
     656.3651100733823114       0.9884916758164760
     656.3653102068045655       1.0151113709434862
     656.3655103402268196       0.9627296663820737
     656.3657104736490737       0.9432734176516523
     656.3659106070714415       1.0037159125786259
     656.3661107404936956       0.9684932641684987
     656.3663108739159497       1.0593268088996377
     656.3665110073382039       0.9275714233517597
     656.3667111407605717       1.0904376208782121
     656.3669112741828258       1.1050620302557834
     656.3671114076050799       1.0081942034885125
     656.3673115410273340       1.0319826714694260
     656.3675116744497018       0.9696388654410488
     656.3677118078719559       0.9938455610535525
     656.3679119412942100       1.0425641946493827
     656.3681120747164641       0.9843562785534954
     656.3683122081388319       0.9180261343715980
     656.3685123415610860       0.9345659092066357
     656.3687124749833401       1.0202536284920203
     656.3689126084055943       1.0251261480147771
     656.3691127418278484       1.1006728559725472
     656.3693128752502162       0.9691894501437671
     656.3695130086724703       1.1272091418490378
     656.3697131420947244       1.0114626521224153
     656.3699132755169785       1.0182397738069882
     656.3701134089393463       1.0989115089136532
     656.3703135423616004       0.9617911912441912
     656.3705136757838545       1.0702552199280295
     656.3707138092061086       1.0905481055261177
     656.3709139426284764       1.0742940604520963
     656.3711140760507305       0.9542800597613683
     656.3713142094729847       0.9786877147527195
     656.3715143428952388       1.0375256202659164
     656.3717144763176066       1.0561139359434828
     656.3719146097398607       0.8908999412368365
     656.3721147431621148       1.0450778416063822
     656.3723148765843689       0.9999563205907043
     656.3725150100067367       0.9773824156716118
     656.3727151434289908       1.0117036659774743
     656.3729152768512449       1.0017950645648597
     656.3731154102734990       1.0048009826331068
     656.3733155436958668       1.0399984299309137
     656.3735156771181209       0.9943474538517970
     656.3737158105403751       0.9917342591593754
     656.3739159439626292       0.9822940377207474
     656.3741160773849970       1.0510872537073208
     656.3743162108072511       0.9972204006495571
     656.3745163442295052       0.9443585858802840
     656.3747164776517593       0.8847947275577148
     656.3749166110740134       0.9568581004947321
     656.3751167444963812       0.9128954958362986
     656.3753168779186353       0.9832057062889356
     656.3755170113408894       1.0728715962322073
     656.3757171447631436       1.0058033233960852
     656.3759172781855113       1.0502545228827134
     656.3761174116077655       0.9655835274558173
     656.3763175450300196       1.0001714558247159
     656.3765176784522737       1.1029259289693467
     656.3767178118746415       0.9654800573773660
     656.3769179452968956       1.0366061035998122
     656.3771180787191497       0.9814240412106318
     656.3773182121414038       1.0135957271302516
     656.3775183455637716       0.9300591440746233
     656.3777184789860257       0.9674362569436386
     656.3779186124082798       1.0587642005250411
     656.3781187458305340       1.0418186713105508
     656.3783188792529018       0.9274767370717250
     656.3785190126751559       0.9926374862588543
     656.3787191460974100       0.9509713155724818
     656.3789192795196641       0.9542994341841721
     656.3791194129420319       0.9897675070850053
     656.3793195463642860       0.9765683213598461
     656.3795196797865401       0.9457088089687358
     656.3797198132087942       0.9669616681610157
     656.3799199466311620       0.9561657555532483
     656.3801200800534161       1.0201395885751738
     656.3803202134756702       0.9580590229508273
     656.3805203468979244       1.0683240080165226
     656.3807204803201785       0.8971258597974636
     656.3809206137425463       1.0033712239832804
     656.3811207471648004       1.0634029252070798
     656.3813208805870545       1.0657308417951592
     656.3815210140093086       0.9815809967227168
     656.3817211474316764       1.0651828292742707
     656.3819212808539305       1.0660644450955616
     656.3821214142761846       1.0008617108739823
     656.3823215476984387       1.0302730180476356
     656.3825216811208065       1.0187725226928328
     656.3827218145430606       1.0000763529977701
     656.3829219479653148       0.9787665647093911
     656.3831220813875689       1.0597099446900273
     656.3833222148099367       0.9981015974007037
     656.3835223482321908       1.0961116219375580
     656.3837224816544449       1.0341515750527512
     656.3839226150766990       1.0536034418464868
     656.3841227484990668       1.0645780740263946
     656.3843228819213209       1.0015709696176414
     656.3845230153435750       1.0283161662623468
     656.3847231487658291       0.9683983651240178
     656.3849232821881969       1.0545186348224509
     656.3851234156104510       0.9846416676790619
     656.3853235490327052       0.9475248389241030
     656.3855236824549593       0.9859345458018473
     656.3857238158772134       0.9883387757164080
     656.3859239492995812       0.9618507640018631
     656.3861240827218353       1.0119556776859806
     656.3863242161440894       0.9987436669646325
     656.3865243495663435       0.9528521016553482
     656.3867244829887113       1.0416423538971586
     656.3869246164109654       0.9480504096889201
     656.3871247498332195       1.0299534984549896
     656.3873248832554737       0.9726739006798286
     656.3875250166778414       0.9549040272593057
     656.3877251501000956       1.0555090447526037
     656.3879252835223497       0.9164583522530988
     656.3881254169446038       0.9990983525786896
     656.3883255503669716       0.9842715665882726
     656.3885256837892257       0.9316020999523869
     656.3887258172114798       0.9446960970248688
     656.3889259506337339       1.0280811550161306
     656.3891260840561017       0.9957826973220456
     656.3893262174783558       0.9924601052493561
     656.3895263509006099       0.9970675629010926
     656.3897264843228641       0.9279606563826187
     656.3899266177452319       1.0366918493375961
     656.3901267511674860       0.9732891238144324
     656.3903268845897401       1.0137595702334994
     656.3905270180119942       0.9568860295474038
     656.3907271514343620       0.9869771822949925
     656.3909272848566161       1.0038658156062517
     656.3911274182788702       0.9340434189049855
     656.3913275517011243       1.0490099706895326
     656.3915276851233784       0.8606047162766204
     656.3917278185457462       0.9247694512850257
     656.3919279519680003       0.8847895639776218
     656.3921280853902545       0.9144179179437062
     656.3923282188125086       1.0065688326508997
     656.3925283522348764       0.9808570365302591
     656.3927284856571305       0.8627707578201295
     656.3929286190793846       1.0592313162191322
     656.3931287525016387       0.9372730789755807
     656.3933288859240065       0.8891109436187647
     656.3935290193462606       0.7587363710944991
     656.3937291527685147       0.8061913389687282
     656.3939292861907688       0.8493529368431523
     656.3941294196131366       0.8947957983514817
     656.3943295530353907       0.8890607022525150
     656.3945296864576449       0.8843760853191428
     656.3947298198798990       0.8888850049488184
     656.3949299533022668       0.9434222638994179
     656.3951300867245209       0.8857132194168060
     656.3953302201467750       0.8024655683315947
     656.3955303535690291       0.8391605723364371
     656.3957304869913969       0.8178531720364235
     656.3959306204136510       0.8096054150522491
     656.3961307538359051       0.8771297918772817
     656.3963308872581592       0.8089082489598742
     656.3965310206804133       0.8855263875096552
     656.3967311541027811       0.7904650976792149
     656.3969312875250353       0.8167485322570195
     656.3971314209472894       0.7680775205468913
     656.3973315543695435       0.7580804525327330
     656.3975316877919113       0.7806982952176226
     656.3977318212141654       0.8084287263982108
     656.3979319546364195       0.7846134996763470
     656.3981320880586736       0.7680809080504041
     656.3983322214810414       0.9204023135724479
     656.3985323549032955       0.8014940133652197
     656.3987324883255496       0.7249106066512045
     656.3989326217478038       0.8790350312139346
     656.3991327551701715       0.8136186210214544
     656.3993328885924257       0.8514796348851621
     656.3995330220146798       0.7826395575737083
     656.3997331554369339       0.8154679351061844
     656.3999332888593017       0.8046198489519778
     656.4001334222815558       0.8344767272142612
     656.4003335557038099       0.8519762556130381
     656.4005336891260640       0.8414534709026250
     656.4007338225484318       0.8501107588723462
     656.4009339559706859       0.8390265570003408
     656.4011340893929400       0.8588796565856256
     656.4013342228151942       0.7442312263355286
     656.4015343562375620       0.8635993782654208
     656.4017344896598161       0.9020000249131561
     656.4019346230820702       0.8027279899004132
     656.4021347565043243       0.8215441829578277
     656.4023348899265784       0.8768601067833278
     656.4025350233489462       0.8882280358079100
     656.4027351567712003       0.8731933823273674
     656.4029352901934544       0.8420245052368376
     656.4031354236157085       0.8891054270218832
     656.4033355570380763       1.0254037208747004
     656.4035356904603304       0.9538238194819304
     656.4037358238825846       0.9375897798189970
     656.4039359573048387       0.9049392494045023
     656.4041360907272065       0.9366538270858589
     656.4043362241494606       0.9279494522509827
     656.4045363575717147       0.9924707160268120
     656.4047364909939688       0.9293705243592999
     656.4049366244163366       0.9140502065082723
     656.4051367578385907       0.9765364684357225
     656.4053368912608448       1.0313161242699156
     656.4055370246830989       1.0184894480620135
     656.4057371581054667       0.9121796375490676
     656.4059372915277208       1.0150329094908090
     656.4061374249499750       0.8872960867563393
     656.4063375583722291       1.0793686787972221
     656.4065376917945969       0.9368335605727627
     656.4067378252168510       0.9600877921356954
     656.4069379586391051       0.9887272786800366
     656.4071380920613592       1.0672957573752586
     656.4073382254836133       1.0331202946890192
     656.4075383589059811       0.9576071033737301
     656.4077384923282352       0.9517201265077586
     656.4079386257504893       0.8827197314384688
     656.4081387591727434       0.9701558940935160
     656.4083388925951112       1.0212628077523227
     656.4085390260173654       0.9866365360111978
     656.4087391594396195       1.0491427322538363
     656.4089392928618736       1.0378427335646976
     656.4091394262842414       1.0190727820049335
     656.4093395597064955       0.9979882834205901
     656.4095396931287496       0.9973862784727165
     656.4097398265510037       0.9615487778510865
     656.4099399599733715       0.9635957434329081
     656.4101400933956256       1.0003666894646535
     656.4103402268178797       1.0435150324831282
     656.4105403602401339       0.9307087713291603
     656.4107404936625016       0.9842530560922597
     656.4109406270847558       1.0665690981276383
     656.4111407605070099       1.0303330084201514
     656.4113408939292640       1.0801949305141183
     656.4115410273516318       0.9947916611471669
     656.4117411607738859       0.9672171057482453
     656.4119412941961400       0.9846926633875729
     656.4121414276183941       0.9879991858497398
     656.4123415610407619       0.9773979160526484
     656.4125416944630160       0.9243901970029994
     656.4127418278852701       0.9497089258841248
     656.4129419613075243       0.9518516813431629
     656.4131420947297784       0.9778319725306196
     656.4133422281521462       0.9259828398414274
     656.4135423615744003       1.0517675561180604
     656.4137424949966544       1.0238289527381030
     656.4139426284189085       0.9040854825875119
     656.4141427618412763       0.9940512630089177
     656.4143428952635304       0.9695655230126939
     656.4145430286857845       1.0564792902658309
     656.4147431621080386       0.9647708835016232
     656.4149432955304064       0.9058710997347295
     656.4151434289526605       1.0057160531789158
     656.4153435623749147       1.0626551249033138
     656.4155436957971688       0.9271042219958641
     656.4157438292195366       0.9857983470598695
     656.4159439626417907       0.9386042615942950
     656.4161440960640448       1.0166688287817003
     656.4163442294862989       0.9767395266607122
     656.4165443629086667       1.0646776194080763
     656.4167444963309208       0.9923761059695154
     656.4169446297531749       1.0176953561446882
     656.4171447631754290       1.0247365719938499
     656.4173448965977968       0.9627317798777413
     656.4175450300200509       1.0054911878367165
     656.4177451634423051       1.0737705085325746
     656.4179452968645592       1.0022899497022952
     656.4181454302869270       1.1019473670820301
     656.4183455637091811       0.9353882362118324
     656.4185456971314352       0.9641994149588219
     656.4187458305536893       1.0100730228504262
     656.4189459639759434       0.9638480271067995
     656.4191460973983112       0.9801881117887123
     656.4193462308205653       1.0365260728472898
     656.4195463642428194       0.9468274872652630
     656.4197464976650735       1.0438087740440269
     656.4199466310874413       0.9234363375452227
     656.4201467645096955       1.0667231047854564
     656.4203468979319496       1.0152225789212861
     656.4205470313542037       0.9215081536067078
     656.4207471647765715       0.9495374430856881
     656.4209472981988256       1.0082510332513595
     656.4211474316210797       1.0566624378299174
     656.4213475650433338       0.9842928042837792
     656.4215476984657016       1.0118077013595403
     656.4217478318879557       1.0142329790471942
     656.4219479653102098       0.9901840392976612
     656.4221480987324640       0.9634712903068509
     656.4223482321548317       0.9753816272162293
     656.4225483655770859       0.9828055725965441
     656.4227484989993400       1.0134000588611132
     656.4229486324215941       1.0773714771527749
     656.4231487658439619       1.0731116973516248
     656.4233488992662160       1.0193586735675264
     656.4235490326884701       0.9376805123046169
     656.4237491661107242       1.0221826226611810
     656.4239492995329783       1.0370650885579944
     656.4241494329553461       1.0244891698022183
     656.4243495663776002       0.9491392782823793
     656.4245496997998544       0.9425393938300689
     656.4247498332221085       0.9945641657753632
     656.4249499666444763       1.0499506555128613
     656.4251501000667304       1.0380583256219420
     656.4253502334889845       0.9588088393023464
     656.4255503669112386       1.0086772786319791
     656.4257505003336064       0.9828158970827512
     656.4259506337558605       1.0149933239378091
     656.4261507671781146       1.0159382708323412
     656.4263509006003687       1.0297825988348830
     656.4265510340227365       1.0172660108632334
     656.4267511674449906       1.0953460335715151
     656.4269513008672448       1.0316103361535567
     656.4271514342894989       1.0442389957598830
     656.4273515677118667       1.0066058556543718
     656.4275517011341208       0.9694294389333464
     656.4277518345563749       0.9468924589452474
     656.4279519679786290       1.0474107488988000
     656.4281521014009968       1.0460898093877964
     656.4283522348232509       0.9690808951853841
     656.4285523682455050       1.0178493764250880
     656.4287525016677591       0.9861765336244894
     656.4289526350901269       0.9602702967822276
     656.4291527685123810       1.0381331108510308
     656.4293529019346352       0.9167506992816798
     656.4295530353568893       1.0484171360731041
     656.4297531687791434       1.0362719856202545
     656.4299533022015112       0.9850214393809399
     656.4301534356237653       1.0031498793978217
     656.4303535690460194       0.9130425527691823
     656.4305537024682735       0.8728224933147418
     656.4307538358906413       1.0114212948828927
     656.4309539693128954       1.0710014179348941
     656.4311541027351495       1.0152031620964403
     656.4313542361574036       0.9471205882728098
     656.4315543695797714       0.9490425623953341
     656.4317545030020256       1.0163718461990356
     656.4319546364242797       1.0279130768030882
     656.4321547698465338       0.9626843295991421
     656.4323549032689016       1.0426781885325909
     656.4325550366911557       0.8833047747612000
     656.4327551701134098       1.0958788022398949
     656.4329553035356639       1.0118578998371959
     656.4331554369580317       0.9276171550154686
     656.4333555703802858       1.0343720838427544
     656.4335557038025399       0.9905920727178454
     656.4337558372247940       1.0164398569613695
     656.4339559706471618       0.8748549371957779
     656.4341561040694160       0.9934916710481048
     656.4343562374916701       0.9078596085309982
     656.4345563709139242       1.0021916392724961
     656.4347565043361783       1.0264326538890600
     656.4349566377585461       1.0707382857799530
     656.4351567711808002       1.0214377976953983
     656.4353569046030543       1.0894238948822021
     656.4355570380253084       0.9672320596873760
     656.4357571714476762       1.0659668222069740
     656.4359573048699303       0.9061598256230354
     656.4361574382921845       1.0534422956407070
     656.4363575717144386       1.0207083430141211
     656.4365577051368064       1.0292791705578566
     656.4367578385590605       1.1270191818475723
     656.4369579719813146       0.9777465853840113
     656.4371581054035687       1.0348762869834900
     656.4373582388259365       1.0244360994547606
     656.4375583722481906       0.9337211847305298
     656.4377585056704447       0.9002140462398529
     656.4379586390926988       0.9317248314619064
     656.4381587725150666       1.0871315225958824
     656.4383589059373207       0.9723082184791565
     656.4385590393595749       0.9560927227139473
     656.4387591727818290       1.1158214360475540
     656.4389593062041968       0.9883847469463944
     656.4391594396264509       0.9418963007628918
     656.4393595730487050       0.9619449712336063
     656.4395597064709591       1.0215591918677092
     656.4397598398933269       1.0060609686188400
     656.4399599733155810       1.0132156014442444
     656.4401601067378351       0.9599756635725498
     656.4403602401600892       1.0137294922024012
     656.4405603735823433       0.9952133614569902
     656.4407605070047111       0.9228231012821198
     656.4409606404269653       1.0418190360069275
     656.4411607738492194       0.9544039033353329
     656.4413609072714735       1.0688460990786552
     656.4415610406938413       1.0410704724490643
     656.4417611741160954       1.0492181107401848
     656.4419613075383495       0.9618426635861397
     656.4421614409606036       0.9614295922219753
     656.4423615743829714       1.0273795481771231
     656.4425617078052255       1.0058822166174650
     656.4427618412274796       0.9841163009405136
     656.4429619746497337       0.9425234980881214
     656.4431621080721015       1.0325103476643562
     656.4433622414943557       0.9218774810433388
     656.4435623749166098       0.9932774496264756
     656.4437625083388639       1.0274091120809317
     656.4439626417612317       0.8986159786581993
     656.4441627751834858       1.1055982261896133
     656.4443629086057399       0.9800312388688326
     656.4445630420279940       1.0037591622676700
     656.4447631754503618       1.0835887864232063
     656.4449633088726159       1.0077380002476275
     656.4451634422948700       1.0005685104988515
     656.4453635757171241       1.0140571584925056
     656.4455637091393783       1.0233753975480795
     656.4457638425617461       0.9356736913323402
     656.4459639759840002       1.0838452503085136
     656.4461641094062543       1.0012563009513542
     656.4463642428285084       1.0583948083221912
     656.4465643762508762       1.0431919097900391
     656.4467645096731303       1.0161287859082222
     656.4469646430953844       1.0094448914751410
     656.4471647765176385       0.9816379789263010
     656.4473649099400063       1.0082522490993142
     656.4475650433622604       0.9961807343643159
     656.4477651767845146       1.0050006555393338
     656.4479653102067687       1.0466160178184509
     656.4481654436291365       0.9591578766703606
     656.4483655770513906       0.9707433152943850
     656.4485657104736447       0.9820011258125305
     656.4487658438958988       0.9961089810822159
     656.4489659773182666       0.9940757579170167
     656.4491661107405207       1.0107096731662750
     656.4493662441627748       1.0485934577882290
     656.4495663775850289       0.9744431339204311
     656.4497665110073967       0.9686397351324558
     656.4499666444296508       0.9975157736334950
     656.4501667778519050       1.0671228468418121
     656.4503669112741591       1.0892363637685776
     656.4505670446965269       0.9874678971245885
     656.4507671781187810       0.9190762117505074
     656.4509673115410351       0.9833181872963905
     656.4511674449632892       0.9683802276849747
     656.4513675783855433       1.0270621664822102
     656.4515677118079111       1.0723077282309532
     656.4517678452301652       0.9551899880170822
     656.4519679786524193       1.0723823979496956
     656.4521681120746734       0.9099709764122963
     656.4523682454970412       0.9812860377132893
     656.4525683789192954       0.9989679139107466
     656.4527685123415495       1.0385668911039829
     656.4529686457638036       1.0773738473653793
     656.4531687791861714       0.9430959448218346
     656.4533689126084255       1.0384622141718864
     656.4535690460306796       1.0271239727735519
     656.4537691794529337       1.0160561222583055
     656.4539693128753015       0.9720513615757227
     656.4541694462975556       1.0362362116575241
     656.4543695797198097       1.0362823344767094
     656.4545697131420638       0.9853842183947563
     656.4547698465644316       1.0447371117770672
     656.4549699799866858       0.9742194078862667
     656.4551701134089399       0.9981042110593989
     656.4553702468311940       0.9775630179792643
     656.4555703802535618       0.9207626879215240
     656.4557705136758159       1.0061814524233341
     656.4559706470980700       0.9974787940736860
     656.4561707805203241       0.9642143733799458
     656.4563709139425782       0.9987869077594951
     656.4565710473649460       0.9606924839317799
     656.4567711807872001       0.9679537713527679
     656.4569713142094542       0.9881658591330051
     656.4571714476317084       1.0314089432358742
     656.4573715810540762       0.9932222426868975
     656.4575717144763303       0.9628666043281555
     656.4577718478985844       1.0376102887094021
     656.4579719813208385       0.9853765815496445
     656.4581721147432063       0.9870076682418585
     656.4583722481654604       0.8905303552746773
     656.4585723815877145       0.9239170253276825
     656.4587725150099686       0.8845575898885727
     656.4589726484323364       0.9967448015231639
     656.4591727818545905       1.0824493020772934
     656.4593729152768447       1.0163839682936668
     656.4595730486990988       1.0004443863872439
     656.4597731821214666       1.0353883616626263
     656.4599733155437207       0.9559157826006413
     656.4601734489659748       1.0048113535158336
     656.4603735823882289       1.0024541553575546
     656.4605737158105967       1.0164054445922375
     656.4607738492328508       1.0529663972556591
     656.4609739826551049       1.0319703929126263
     656.4611741160773590       0.9368593767285347
     656.4613742494997268       1.0643596574664116
     656.4615743829219809       1.0048399940133095
     656.4617745163442351       1.0787373036146164
     656.4619746497664892       1.0560306496918201
     656.4621747831887433       1.0752412378787994
     656.4623749166111111       1.0312452595680952
     656.4625750500333652       1.0140121718868613
     656.4627751834556193       0.9366199225187302
     656.4629753168778734       0.9876577435061336
     656.4631754503002412       1.0705837830901146
     656.4633755837224953       0.9118563756346703
     656.4635757171447494       0.9427352175116539
     656.4637758505670035       1.0088455071672797
     656.4639759839893713       0.9206285849213600
     656.4641761174116255       1.0439805127680302
     656.4643762508338796       1.0190167259424925
     656.4645763842561337       1.0715917646884918
     656.4647765176785015       0.9830615334212780
     656.4649766511007556       1.0242363344877958
     656.4651767845230097       0.9488397575914860
     656.4653769179452638       1.0382683239877224
     656.4655770513676316       1.0369974263012409
     656.4657771847898857       1.0289030671119690
     656.4659773182121398       1.0204490032047033
     656.4661774516343939       0.9508383162319660
     656.4663775850567617       1.0266412049531937
     656.4665777184790159       1.0515366792678833
     656.4667778519012700       1.1225108727812767
     656.4669779853235241       1.0325366631150246
     656.4671781187458919       0.9116816893219948
     656.4673782521681460       0.9851235225796700
     656.4675783855904001       0.9485785104334354
     656.4677785190126542       0.9972365975845605
     656.4679786524349083       0.9823836106806993
     656.4681787858572761       0.8869298547506332
     656.4683789192795302       0.9891978297382593
     656.4685790527017843       0.9982978649204597
     656.4687791861240385       0.9104264304041862
     656.4689793195464063       1.0667310282588005
     656.4691794529686604       0.9787979964166880
     656.4693795863909145       0.9502210281789303
     656.4695797198131686       0.9925461090169847
     656.4697798532355364       1.0555140152573586
     656.4699799866577905       1.0484823845326900
     656.4701801200800446       1.0252694543451071
     656.4703802535022987       0.9563180431723595
     656.4705803869246665       0.9703587461262941
     656.4707805203469206       1.0004738846910186
     656.4709806537691748       1.0727857574820518
     656.4711807871914289       0.9678110033273697
     656.4713809206137967       1.0309239458292723
     656.4715810540360508       0.9689623713493347
     656.4717811874583049       0.9609556011855602
     656.4719813208805590       1.0004012014833279
     656.4721814543029268       0.9425807893276215
     656.4723815877251809       1.0779306814074516
     656.4725817211474350       1.0108853494748473
     656.4727818545696891       0.9950959021225572
     656.4729819879919432       0.9587043747305870
     656.4731821214143110       0.9895284585654736
     656.4733822548365652       1.0017447903519496
     656.4735823882588193       1.0388818792998791
     656.4737825216810734       0.9364721998572350
     656.4739826551034412       1.0273809619247913
     656.4741827885256953       0.9977879738435149
     656.4743829219479494       1.0113106062635779
     656.4745830553702035       1.0655861049890518
     656.4747831887925713       1.0968055650591850
     656.4749833222148254       0.9147623851895332
     656.4751834556370795       0.9384502954781055
     656.4753835890593336       1.0687967613339424
     656.4755837224817014       1.0021054053213447
     656.4757838559039556       1.0089867757633328
     656.4759839893262097       0.9497615210711956
     656.4761841227484638       1.0120808631181717
     656.4763842561708316       1.0201982464641333
     656.4765843895930857       1.0103721041232347
     656.4767845230153398       0.9962890539318323
     656.4769846564375939       0.9642173834145069
     656.4771847898599617       0.9989992842311040
     656.4773849232822158       0.8974837511777878
     656.4775850567044699       0.9145683720707893
     656.4777851901267240       1.0011235332349315
     656.4779853235490918       1.0088607659563422
     656.4781854569713460       1.0384280867874622
     656.4783855903936001       1.0708742886781693
     656.4785857238158542       0.9958871859125793
     656.4787858572381083       1.0221301820129156
     656.4789859906604761       0.9916804367676377
     656.4791861240827302       0.8996529579162598
     656.4793862575049843       0.9892781600356102
     656.4795863909272384       0.9436218142509460
     656.4797865243496062       0.9592918604612350
     656.4799866577718603       0.9698821753263474
     656.4801867911941144       1.0036158566363156
     656.4803869246163686       1.0347102992236614
     656.4805870580387364       1.0256955865770578
     656.4807871914609905       1.0062605622224510
     656.4809873248832446       1.0391331501305103
     656.4811874583054987       1.0030442466959357
     656.4813875917278665       1.0230801552534103
     656.4815877251501206       1.0590944401919842
     656.4817878585723747       0.9439492039382458
     656.4819879919946288       1.0658445656299591
     656.4821881254169966       1.0023827156983316
     656.4823882588392507       0.9735787212848663
     656.4825883922615049       0.9994880762533285
     656.4827885256837590       1.0445635467767715
     656.4829886591061268       0.9889189219102263
     656.4831887925283809       0.9853323111310601
     656.4833889259506350       0.9869076730683446
     656.4835890593728891       1.0651772841811180
     656.4837891927951432       0.9313131347298622
     656.4839893262175110       1.0101547138765454
     656.4841894596397651       1.0315707921981812
     656.4843895930620192       1.0197838563472033
     656.4845897264842733       0.9717601481825113
     656.4847898599066411       1.0290530752390623
     656.4849899933288953       0.9663069173693657
     656.4851901267511494       0.9728687703609467
     656.4853902601734035       0.9552798010408878
     656.4855903935957713       0.9581625424325466
     656.4857905270180254       0.9593883529305458
     656.4859906604402795       0.9720825552940369
     656.4861907938625336       0.9718985054641962
     656.4863909272849014       1.0008613860118203
     656.4865910607071555       0.9012410566210747
     656.4867911941294096       0.9513367265462875
     656.4869913275516637       0.9468842782080173
     656.4871914609740315       1.0094046946614981
     656.4873915943962857       0.9923153226263821
     656.4875917278185398       1.0304054524749517
     656.4877918612407939       1.0266270879656076
     656.4879919946631617       0.9990210849791765
     656.4881921280854158       1.0383788309991360
     656.4883922615076699       0.9973680560942739
     656.4885923949299240       0.9463277272880077
     656.4887925283522918       0.9059371352195740
     656.4889926617745459       0.9929619547910988
     656.4891927951968000       0.9631585665047169
     656.4893929286190541       0.9728202670812607
     656.4895930620413083       0.9231705516576767
     656.4897931954636761       1.0520011857151985
     656.4899933288859302       1.0371715277433395
     656.4901934623081843       0.9871166199445724
     656.4903935957304384       0.9973562876693904
     656.4905937291528062       0.9505950510501862
     656.4907938625750603       1.0335357598960400
     656.4909939959973144       0.9983350604306906
     656.4911941294195685       1.0357692949473858
     656.4913942628419363       0.9355671033263206
     656.4915943962641904       0.9660322926938534
     656.4917945296864445       1.1008149757981300
     656.4919946631086987       0.9679611548781395
     656.4921947965310665       0.9941364061087370
     656.4923949299533206       0.9425187595188618
     656.4925950633755747       0.9618445709347725
     656.4927951967978288       0.9491812996566296
     656.4929953302201966       0.8996571153402328
     656.4931954636424507       0.9965317412279546
     656.4933955970647048       1.0090354671701789
     656.4935957304869589       0.9546304978430271
     656.4937958639093267       0.9689042419195175
     656.4939959973315808       1.0077923024073243
     656.4941961307538350       1.0006303918780759
     656.4943962641760891       0.9440697655081749
     656.4945963975983432       1.0261312760412693
     656.4947965310207110       0.9628250598907471
     656.4949966644429651       1.0159192290157080
     656.4951967978652192       0.9947340884245932
     656.4953969312874733       0.9625514522194862
     656.4955970647098411       0.9515124745666981
     656.4957971981320952       1.0218491796404123
     656.4959973315543493       0.9734908007085323
     656.4961974649766034       0.9361317232251167
     656.4963975983989712       0.9068738818168640
     656.4965977318212254       1.0411805361509323
     656.4967978652434795       0.9915358265861869
     656.4969979986657336       1.0283596403896809
     656.4971981320881014       1.0140372207388282
     656.4973982655103555       1.0475996844470501
     656.4975983989326096       1.0682432800531387
     656.4977985323548637       1.0580591969192028
     656.4979986657772315       0.9488117620348930
     656.4981987991994856       0.9353621080517769
     656.4983989326217397       0.9993104194873013
     656.4985990660439938       1.0357255823910236
     656.4987991994663616       0.9508576281368732
     656.4989993328886158       1.0216194558888674
     656.4991994663108699       1.0905267596244812
     656.4993995997331240       0.9601567424833775
     656.4995997331554918       0.9771873056888580
     656.4997998665777459       1.0637756288051605
     656.5000000000000000       1.0842134356498718

