     656.2000000000000455       0.9185842499136925
     656.2002001334222996       0.9924367503263056
     656.2004002668445537       1.0032187439501286
     656.2006004002669215       1.0304426290094852
     656.2008005336891756       1.0218466240912676
     656.2010006671114297       0.9807865694165230
     656.2012008005336838       0.9886919194832444
     656.2014009339560516       1.0642216727137566
     656.2016010673783057       1.0339782647788525
     656.2018012008005599       1.0702384412288666
     656.2020013342228140       0.9636365510523319
     656.2022014676451818       1.0143760321661830
     656.2024016010674359       1.0289315786212683
     656.2026017344896900       0.9273162409663200
     656.2028018679119441       0.9168987199664116
     656.2030020013343119       1.0538473129272461
     656.2032021347565660       1.0409233793616295
     656.2034022681788201       1.0332548432052135
     656.2036024016010742       0.9736038148403168
     656.2038025350234420       0.9723521266132593
     656.2040026684456961       0.9895741306245327
     656.2042028018679503       0.9634903483092785
     656.2044029352902044       1.0023814190644771
     656.2046030687125722       0.9740374702960253
     656.2048032021348263       1.0472553484141827
     656.2050033355570804       0.9710661321878433
     656.2052034689793345       1.0146777257323265
     656.2054036024017023       1.0344078578054905
     656.2056037358239564       0.8862082362174988
     656.2058038692462105       0.9631602056324482
     656.2060040026684646       0.9813255090266466
     656.2062041360907187       0.9783275220543146
     656.2064042695130865       1.0522135384380817
     656.2066044029353407       0.9885307410731912
     656.2068045363575948       0.9388913325965405
     656.2070046697798489       1.0583178289234638
     656.2072048032022167       0.9615029245615005
     656.2074049366244708       1.0528429262340069
     656.2076050700467249       1.1111544296145439
     656.2078052034689790       1.0005011006142013
     656.2080053368913468       0.9630585275590420
     656.2082054703136009       1.0111740250140429
     656.2084056037358550       1.0356222353875637
     656.2086057371581092       1.0617774501442909
     656.2088058705804769       1.0299887005239725
     656.2090060040027311       0.8783172443509102
     656.2092061374249852       1.1161665320396423
     656.2094062708472393       0.9672861658036709
     656.2096064042696071       1.0598410256206989
     656.2098065376918612       1.0327095203101635
     656.2100066711141153       0.9872299665585160
     656.2102068045363694       0.9558842852711678
     656.2104069379587372       1.0478821955621243
     656.2106070713809913       0.9923863373696804
     656.2108072048032454       0.9948902642354369
     656.2110073382254996       0.9702256526798010
     656.2112074716477537       1.0951729938387871
     656.2114076050701215       1.0822393074631691
     656.2116077384923756       1.0790439769625664
     656.2118078719146297       0.9967065826058388
     656.2120080053368838       0.9686414077877998
     656.2122081387592516       0.9918730268254876
     656.2124082721815057       0.9595983289182186
     656.2126084056037598       0.9713999889791012
     656.2128085390260139       0.9879739107564092
     656.2130086724483817       1.0434000231325626
     656.2132088058706358       0.9787237718701363
     656.2134089392928900       0.9750002902001143
     656.2136090727151441       0.9586907960474491
     656.2138092061375119       1.0338506214320660
     656.2140093395597660       1.0016175139462575
     656.2142094729820201       1.0630057826638222
     656.2144096064042742       0.9563612006604671
     656.2146097398266420       0.9810604527592659
     656.2148098732488961       1.0566854663193226
     656.2150100066711502       0.9758793544024229
     656.2152101400934043       0.9721993114799261
     656.2154102735157721       0.9794826135039330
     656.2156104069380262       0.9506290107965469
     656.2158105403602804       1.0598127841949463
     656.2160106737825345       1.0176736395806074
     656.2162108072049023       1.0216156598180532
     656.2164109406271564       1.0107815144583583
     656.2166110740494105       0.9514657557010651
     656.2168112074716646       0.9558163620531559
     656.2170113408939187       1.0313591100275517
     656.2172114743162865       0.9925535013899207
     656.2174116077385406       0.9427410177886486
     656.2176117411607947       0.9330476000905037
     656.2178118745830488       1.0309381689876318
     656.2180120080054166       0.9748561941087246
     656.2182121414276708       1.0117642534896731
     656.2184122748499249       1.0378149375319481
     656.2186124082721790       1.0237376466393471
     656.2188125416945468       1.0270960032939911
     656.2190126751168009       0.9490989856421947
     656.2192128085390550       1.0480861179530621
     656.2194129419613091       1.0094924559816718
     656.2196130753836769       1.0386215075850487
     656.2198132088059310       1.0207567289471626
     656.2200133422281851       0.9734632316976786
     656.2202134756504392       0.9698568936437368
     656.2204136090728070       1.0719370767474174
     656.2206137424950612       0.9822729043662548
     656.2208138759173153       1.0307833347469568
     656.2210140093395694       0.9883326590061188
     656.2212141427619372       1.0502166263759136
     656.2214142761841913       1.0487362481653690
     656.2216144096064454       1.0634666159749031
     656.2218145430286995       1.0239438116550446
     656.2220146764509536       1.0140633331611753
     656.2222148098733214       0.9712043721228838
     656.2224149432955755       1.0310992430895567
     656.2226150767178297       1.0427886024117470
     656.2228152101400838       1.0037888721562922
     656.2230153435624516       0.9728258904069662
     656.2232154769847057       1.0022757360711694
     656.2234156104069598       0.9442957863211632
     656.2236157438292139       1.1193544045090675
     656.2238158772515817       0.9647019095718861
     656.2240160106738358       1.1029140502214432
     656.2242161440960899       1.0372517518699169
     656.2244162775183440       1.0570655278861523
     656.2246164109407118       1.0077910893596709
     656.2248165443629659       1.0938615053892136
     656.2250166777852201       0.9627542868256569
     656.2252168112074742       1.0225177090615034
     656.2254169446298420       1.0253084488213062
     656.2256170780520961       0.9363707676529884
     656.2258172114743502       1.0170319154858589
     656.2260173448966043       1.0117670996114612
     656.2262174783189721       1.0324644595384598
     656.2264176117412262       1.0601902417838573
     656.2266177451634803       1.0603505857288837
     656.2268178785857344       0.9479702413082123
     656.2270180120081022       1.0507935658097267
     656.2272181454303563       1.0257032811641693
     656.2274182788526105       1.0054713650606573
     656.2276184122748646       1.0705820247530937
     656.2278185456971187       0.9190933406352997
     656.2280186791194865       0.9942561271600425
     656.2282188125417406       1.0348214432597160
     656.2284189459639947       0.9637613072991371
     656.2286190793862488       0.9723115228116512
     656.2288192128086166       0.9400568604469299
     656.2290193462308707       0.9473964199423790
     656.2292194796531248       0.9623228684067726
     656.2294196130753789       1.0216410607099533
     656.2296197464977467       1.0398668162524700
     656.2298198799200009       0.9129595905542374
     656.2300200133422550       0.9950705617666245
     656.2302201467645091       0.9773038104176521
     656.2304202801868769       0.9942046874202788
     656.2306204136091310       1.0538975261151791
     656.2308205470313851       1.0070628821849823
     656.2310206804536392       0.9990707794204354
     656.2312208138760070       1.0184457916766405
     656.2314209472982611       1.0196216925978661
     656.2316210807205152       1.0347078256309032
     656.2318212141427693       1.0370895154774189
     656.2320213475651371       0.9372429251670837
     656.2322214809873913       1.0684593245387077
     656.2324216144096454       0.9392452351748943
     656.2326217478318995       1.0093937665224075
     656.2328218812541536       1.1104558035731316
     656.2330220146765214       0.9442876577377319
     656.2332221480987755       1.0173209160566330
     656.2334222815210296       1.0125960251316428
     656.2336224149432837       0.9858812522143126
     656.2338225483656515       1.0790835618972778
     656.2340226817879056       1.0439574792981148
     656.2342228152101598       1.0103562735021114
     656.2344229486324139       0.9952653255313635
     656.2346230820547817       1.0227573066949844
     656.2348232154770358       1.0729826167225838
     656.2350233488992899       0.9256510883569717
     656.2352234823215440       1.0132945571094751
     656.2354236157439118       0.9935305160470307
     656.2356237491661659       1.0427265986800194
     656.2358238825884200       1.0014201429439709
     656.2360240160106741       1.0134556489065289
     656.2362241494330419       1.0106962602585554
     656.2364242828552960       1.0098779154941440
     656.2366244162775502       1.0564915835857391
     656.2368245496998043       1.0329149775207043
     656.2370246831221721       0.9876557402312756
     656.2372248165444262       1.0062827854417264
     656.2374249499666803       1.0859509482979774
     656.2376250833889344       0.9146461784839630
     656.2378252168113022       1.0894172862172127
     656.2380253502335563       0.9704647511243820
     656.2382254836558104       0.9809197504073381
     656.2384256170780645       0.9912059232592583
     656.2386257505003186       0.9942144895903766
     656.2388258839226864       1.0118689825758338
     656.2390260173449406       1.0090632876381278
     656.2392261507671947       1.0053232279606164
     656.2394262841894488       1.0051182224415243
     656.2396264176118166       1.0030391875188798
     656.2398265510340707       0.9297066107392311
     656.2400266844563248       0.9799039233475924
     656.2402268178785789       0.9608990252017975
     656.2404269513009467       1.0107630733400583
     656.2406270847232008       1.0109397033229470
     656.2408272181454549       0.9763097632676363
     656.2410273515677090       1.0253120213747025
     656.2412274849900768       1.0458761826157570
     656.2414276184123310       1.0449679270386696
     656.2416277518345851       0.9834922440350056
     656.2418278852568392       0.9745034333318472
     656.2420280186792070       1.0249557010829449
     656.2422281521014611       0.9899076269939542
     656.2424282855237152       0.9378161616623402
     656.2426284189459693       0.9588565565645695
     656.2428285523683371       1.0505492500960827
     656.2430286857905912       1.0968218669295311
     656.2432288192128453       1.0045217215083539
     656.2434289526350994       1.0045284610241652
     656.2436290860574672       1.0425227843225002
     656.2438292194797214       0.9990561896120198
     656.2440293529019755       0.9813355375081301
     656.2442294863242296       1.0786928981542587
     656.2444296197464837       1.0789230540394783
     656.2446297531688515       0.9207745715975761
     656.2448298865911056       0.9986008299747482
     656.2450300200133597       0.9694955702871084
     656.2452301534356138       0.9890929609537125
     656.2454302868579816       0.9934297227300704
     656.2456304202802357       0.9972971694078296
     656.2458305537024899       0.9770165458321571
     656.2460306871247440       1.0207978002727032
     656.2462308205471118       0.9265200272202492
     656.2464309539693659       1.0915100947022438
     656.2466310873916200       1.0849701613187790
     656.2468312208138741       0.9652060791850090
     656.2470313542362419       1.0139830978587270
     656.2472314876584960       1.0288328081369400
     656.2474316210807501       0.9509729854762554
     656.2476317545030042       1.0063217575661838
     656.2478318879253720       1.0762733370065689
     656.2480320213476261       1.0136593226343393
     656.2482321547698803       0.9746249970048666
     656.2484322881921344       0.9816931802779436
     656.2486324216145022       0.9837170895189047
     656.2488325550367563       1.0062796301208436
     656.2490326884590104       0.9741112161427736
     656.2492328218812645       1.0488882549107075
     656.2494329553035186       1.0837894380092621
     656.2496330887258864       1.0283561591058969
     656.2498332221481405       1.0381607525050640
     656.2500333555703946       1.0302259977906942
     656.2502334889926487       0.9587797038257122
     656.2504336224150165       0.9864612249657512
     656.2506337558372707       0.9589180126786232
     656.2508338892595248       0.9507015421986580
     656.2510340226817789       0.9812720064073801
     656.2512341561041467       1.0030796949286014
     656.2514342895264008       0.9717314206063747
     656.2516344229486549       1.0369110107421875
     656.2518345563709090       0.9331492185592651
     656.2520346897932768       1.0314076617360115
     656.2522348232155309       0.9353627413511276
     656.2524349566377850       1.0800488293170929
     656.2526350900600391       1.0192662645131350
     656.2528352234824069       1.0180362202227116
     656.2530353569046611       0.9949188590981066
     656.2532354903269152       0.9968986699823290
     656.2534356237491693       0.9562999047338963
     656.2536357571715371       1.0209589730948210
     656.2538358905937912       1.0069369240663946
     656.2540360240160453       0.9717244505882263
     656.2542361574382994       1.0125317052006721
     656.2544362908606672       1.0118724694475532
     656.2546364242829213       1.0007221847772598
     656.2548365577051754       0.9104072451591492
     656.2550366911274295       1.0760043039917946
     656.2552368245496837       0.9778856895864010
     656.2554369579720515       1.0384101830422878
     656.2556370913943056       0.9576064683496952
     656.2558372248165597       0.8859076276421547
     656.2560373582388138       0.9353625178337097
     656.2562374916611816       1.0542373470962048
     656.2564376250834357       0.9054543226957321
     656.2566377585056898       0.9849846810102463
     656.2568378919279439       1.0091315750032663
     656.2570380253503117       0.9564004391431808
     656.2572381587725658       1.0817472636699677
     656.2574382921948200       0.9459335915744305
     656.2576384256170741       1.0356532707810402
     656.2578385590394419       1.0032086770515889
     656.2580386924616960       1.0092031126841903
     656.2582388258839501       0.9353141784667969
     656.2584389593062042       0.9863489326089621
     656.2586390927285720       0.9914038544520736
     656.2588392261508261       1.0624174438416958
     656.2590393595730802       1.0062591009773314
     656.2592394929953343       0.9444558732211590
     656.2594396264177021       1.0427324660122395
     656.2596397598399562       0.9955425937660038
     656.2598398932622104       1.0722271278500557
     656.2600400266844645       1.0049015250988305
     656.2602401601067186       1.0286682043224573
     656.2604402935290864       0.9775302335619926
     656.2606404269513405       1.0298332665115595
     656.2608405603735946       1.0112376483157277
     656.2610406937958487       1.0504806041717529
     656.2612408272182165       1.0593637526035309
     656.2614409606404706       0.9763296414166689
     656.2616410940627247       1.0143070025369525
     656.2618412274849788       1.0201485082507133
     656.2620413609073466       0.9775381293147802
     656.2622414943296008       0.9807543028146029
     656.2624416277518549       0.9907023664563894
     656.2626417611741090       1.0192817449569702
     656.2628418945964768       1.0147609887644649
     656.2630420280187309       1.0472004078328609
     656.2632421614409850       0.9654269479215145
     656.2634422948632391       0.9452275633811951
     656.2636424282856069       1.0477336719632149
     656.2638425617078610       1.0748985558748245
     656.2640426951301151       0.9488270767033100
     656.2642428285523692       1.0343638770282269
     656.2644429619747370       0.9929900481365621
     656.2646430953969912       1.0923547670245171
     656.2648432288192453       0.8945519179105759
     656.2650433622414994       0.9909447850659490
     656.2652434956638672       0.9482393004000187
     656.2654436290861213       1.0137319685891271
     656.2656437625083754       0.9754723627120256
     656.2658438959306295       0.9494284130632877
     656.2660440293528836       1.0367633402347565
     656.2662441627752514       0.9766853656619787
     656.2664442961975055       1.0331830419600010
     656.2666444296197596       0.9969722118694335
     656.2668445630420138       1.0643712356686592
     656.2670446964643816       0.9716780893504620
     656.2672448298866357       0.9306102991104126
     656.2674449633088898       0.9410308226943016
     656.2676450967311439       1.0019152449676767
     656.2678452301535117       1.0275185536593199
     656.2680453635757658       0.9933168315328658
     656.2682454969980199       1.0163531750440598
     656.2684456304202740       1.0369103513658047
     656.2686457638426418       0.9682021699845791
     656.2688458972648959       0.9423386640846729
     656.2690460306871501       1.0109348800033331
     656.2692461641094042       0.9172716215252876
     656.2694462975317720       1.0058064027689397
     656.2696464309540261       1.0071170437149704
     656.2698465643762802       0.9914453104138374
     656.2700466977985343       1.0288136582821608
     656.2702468312209021       0.9494705684483051
     656.2704469646431562       0.9642324969172478
     656.2706470980654103       1.0409966483712196
     656.2708472314876644       1.0085892677307129
     656.2710473649099185       1.0058240825310349
     656.2712474983322863       1.0114770568907261
     656.2714476317545405       1.0282414946705103
     656.2716477651767946       1.0183871015906334
     656.2718478985990487       0.9800720307976007
     656.2720480320214165       1.0111293485388160
     656.2722481654436706       0.9943283828906715
     656.2724482988659247       0.9339837804436684
     656.2726484322881788       1.0796012654900551
     656.2728485657105466       1.0003436120168772
     656.2730486991328007       1.0018168187234551
     656.2732488325550548       0.9866357129067183
     656.2734489659773089       1.0302670840173960
     656.2736490993996767       1.0001088580393116
     656.2738492328219309       1.0521062202751637
     656.2740493662441850       0.9611157514154911
     656.2742494996664391       1.0033207510132343
     656.2744496330888069       1.0184974931180477
     656.2746497665110610       1.0422753654420376
     656.2748498999333151       0.9621237851679325
     656.2750500333555692       0.9411341175436974
     656.2752501667779370       0.9455128125846386
     656.2754503002001911       1.0125022754073143
     656.2756504336224452       0.9664206542074680
     656.2758505670446993       1.0434191711246967
     656.2760507004670671       1.0035790097899735
     656.2762508338893213       1.0300005208700895
     656.2764509673115754       0.9436247237026691
     656.2766511007338295       0.9517582394182682
     656.2768512341560836       1.0531857609748840
     656.2770513675784514       1.0193008314818144
     656.2772515010007055       1.0441023185849190
     656.2774516344229596       0.9946098034270108
     656.2776517678452137       0.9299869090318680
     656.2778519012675815       0.9778876770287752
     656.2780520346898356       0.9756667893379927
     656.2782521681120897       0.9631895907223225
     656.2784523015343439       0.9241850674152374
     656.2786524349567117       0.9065253883600235
     656.2788525683789658       0.9324167445302010
     656.2790527018012199       0.9493357054889202
     656.2792528352234740       1.0338259078562260
     656.2794529686458418       0.9221061840653419
     656.2796531020680959       0.9486283548176289
     656.2798532354903500       1.0288707073777914
     656.2800533689126041       0.9393852576613426
     656.2802535023349719       0.9414421729743481
     656.2804536357572260       1.0117718018591404
     656.2806537691794802       0.9331096559762955
     656.2808539026017343       0.9582723081111908
     656.2810540360241021       1.0475399345159531
     656.2812541694463562       0.9739166609942913
     656.2814543028686103       1.0021377450320870
     656.2816544362908644       1.0546401515603065
     656.2818545697131185       1.0484721772372723
     656.2820547031354863       1.0315974093973637
     656.2822548365577404       1.0156096136197448
     656.2824549699799945       1.0065105445683002
     656.2826551034022486       0.9383954703807831
     656.2828552368246164       0.9286599457263947
     656.2830553702468706       1.0173595659434795
     656.2832555036691247       1.0936926826834679
     656.2834556370913788       0.8950428366661072
     656.2836557705137466       1.0803611353039742
     656.2838559039360007       1.0499901399016380
     656.2840560373582548       0.9877290064468980
     656.2842561707805089       0.9757076743990183
     656.2844563042028767       1.0030282032676041
     656.2846564376251308       0.8582959473133087
     656.2848565710473849       1.0012206655228510
     656.2850567044696390       1.0230177361518145
     656.2852568378920068       1.0417882464826107
     656.2854569713142610       1.0007244448643178
     656.2856571047365151       1.0131484372541308
     656.2858572381587692       0.9457702860236168
     656.2860573715811370       0.9729521572589874
     656.2862575050033911       1.0066648996435106
     656.2864576384256452       0.9569677971303463
     656.2866577718478993       0.9850909831002355
     656.2868579052702671       0.9495031945407391
     656.2870580386925212       0.9752117134630680
     656.2872581721147753       0.9071850925683975
     656.2874583055370294       0.9839825425297022
     656.2876584389592836       0.9206374660134315
     656.2878585723816514       1.0898042023181915
     656.2880587058039055       1.1167933493852615
     656.2882588392261596       1.0735216885805130
     656.2884589726484137       0.9322644397616386
     656.2886591060707815       0.9664362519979477
     656.2888592394930356       1.0492207482457161
     656.2890593729152897       0.9629222266376019
     656.2892595063375438       0.9185429587960243
     656.2894596397599116       1.0075185559689999
     656.2896597731821657       1.0163647923618555
     656.2898599066044198       0.9682253338396549
     656.2900600400266740       1.0634832009673119
     656.2902601734490418       1.0255817417055368
     656.2904603068712959       0.9692552946507931
     656.2906604402935500       1.0050987615250051
     656.2908605737158041       0.9489425346255302
     656.2910607071381719       0.9543147124350071
     656.2912608405604260       0.9428207874298096
     656.2914609739826801       1.0211744345724583
     656.2916611074049342       0.9879443328827620
     656.2918612408273020       0.9968595721293241
     656.2920613742495561       1.0143438270315528
     656.2922615076718103       0.9162187352776527
     656.2924616410940644       1.0947165861725807
     656.2926617745164322       0.8394730836153030
     656.2928619079386863       0.9332123994827271
     656.2930620413609404       1.0929800942540169
     656.2932621747831945       0.9121090471744537
     656.2934623082054486       1.1043978109955788
     656.2936624416278164       1.0378690548241138
     656.2938625750500705       1.0084546077996492
     656.2940627084723246       0.9813778158277273
     656.2942628418945787       1.0913712307810783
     656.2944629753169465       1.0804208889603615
     656.2946631087392007       0.9387266859412193
     656.2948632421614548       0.9617911651730537
     656.2950633755837089       1.0369612239301205
     656.2952635090060767       0.9691708181053400
     656.2954636424283308       1.0310437660664320
     656.2956637758505849       1.0180588811635971
     656.2958639092728390       1.0672830492258072
     656.2960640426952068       0.9487010240554810
     656.2962641761174609       0.9789478965103626
     656.2964643095397150       0.9392306990921497
     656.2966644429619691       1.0256269108504057
     656.2968645763843369       0.9447890259325504
     656.2970647098065911       0.9451353363692760
     656.2972648432288452       1.0090312585234642
     656.2974649766510993       0.9803145732730627
     656.2976651100734671       0.9266792312264442
     656.2978652434957212       1.0288119744509459
     656.2980653769179753       1.0295157767832279
     656.2982655103402294       0.9018890559673309
     656.2984656437624835       1.0398080535233021
     656.2986657771848513       1.0456559881567955
     656.2988659106071054       0.9814244117587805
     656.2990660440293595       1.0897753164172173
     656.2992661774516137       1.0092269331216812
     656.2994663108739815       1.0475613139569759
     656.2996664442962356       1.0276924874633551
     656.2998665777184897       1.0382764935493469
     656.3000667111407438       0.8974949195981026
     656.3002668445631116       1.0672710761427879
     656.3004669779853657       1.0213579591363668
     656.3006671114076198       0.9217280969023705
     656.3008672448298739       1.0614061132073402
     656.3010673782522417       1.0200430303812027
     656.3012675116744958       0.9781240597367287
     656.3014676450967499       1.0214055590331554
     656.3016677785190041       1.0250060614198446
     656.3018679119413719       1.0308087896555662
     656.3020680453636260       0.9607632197439671
     656.3022681787858801       1.0414709560573101
     656.3024683122081342       1.0183678325265646
     656.3026684456305020       1.0016325152246282
     656.3028685790527561       1.0129066081717610
     656.3030687124750102       1.0128632439300418
     656.3032688458972643       0.9487458989024162
     656.3034689793196321       0.9540314748883247
     656.3036691127418862       0.9401192851364613
     656.3038692461641403       1.0226601641625166
     656.3040693795863945       0.9375202469527721
     656.3042695130086486       1.0722393468022346
     656.3044696464310164       0.9082314893603325
     656.3046697798532705       0.9419359862804413
     656.3048699132755246       0.9639985300600529
     656.3050700466977787       1.0356441549956799
     656.3052701801201465       0.9658525809645653
     656.3054703135424006       1.1083376631140709
     656.3056704469646547       0.9668380320072174
     656.3058705803869088       0.9734412375837564
     656.3060707138092766       1.0262176580727100
     656.3062708472315308       0.8843668922781944
     656.3064709806537849       0.9420110099017620
     656.3066711140760390       1.0088663566857576
     656.3068712474984068       0.9927745340391994
     656.3070713809206609       1.0141722112894058
     656.3072715143429150       0.9948385790921748
     656.3074716477651691       0.9413879811763763
     656.3076717811875369       1.0405566804111004
     656.3078719146097910       1.0399099886417389
     656.3080720480320451       0.9928356474265456
     656.3082721814542992       1.0518641658127308
     656.3084723148766670       0.9431233890354633
     656.3086724482989212       1.0106497062370181
     656.3088725817211753       0.9761581793427467
     656.3090727151434294       1.0068491296842694
     656.3092728485656835       0.9759221468120813
     656.3094729819880513       1.0399213097989559
     656.3096731154103054       1.0219564400613308
     656.3098732488325595       0.9110488221049309
     656.3100733822548136       1.0471328459680080
     656.3102735156771814       0.9868611451238394
     656.3104736490994355       0.9911557510495186
     656.3106737825216896       0.9871952086687088
     656.3108739159439438       0.9317788034677505
     656.3110740493663116       0.9921095743775368
     656.3112741827885657       1.0382256582379341
     656.3114743162108198       0.9291366711258888
     656.3116744496330739       1.0081743793562055
     656.3118745830554417       0.9958869945257902
     656.3120747164776958       1.0939784795045853
     656.3122748498999499       1.0424142219126225
     656.3124749833222040       1.0549895130097866
     656.3126751167445718       0.9946228964254260
     656.3128752501668259       1.0279597193002701
     656.3130753835890800       1.0081166783347726
     656.3132755170113342       0.9361855983734131
     656.3134756504337020       1.0870977193117142
     656.3136757838559561       1.0247490908950567
     656.3138759172782102       0.9983467599377036
     656.3140760507004643       1.0961580723524094
     656.3142761841228321       0.9918113527819514
     656.3144763175450862       1.0371677614748478
     656.3146764509673403       0.9450172223150730
     656.3148765843895944       0.8959710448980331
     656.3150767178118485       0.9072653502225876
     656.3152768512342163       1.0848128199577332
     656.3154769846564704       1.0141330612823367
     656.3156771180787246       1.0620400868356228
     656.3158772515009787       0.9550312794744968
     656.3160773849233465       1.0623865388333797
     656.3162775183456006       0.9670623168349266
     656.3164776517678547       0.9666686132550240
     656.3166777851901088       0.9495548717677593
     656.3168779186124766       1.0305544640868902
     656.3170780520347307       1.0140103055164218
     656.3172781854569848       1.0204717889428139
     656.3174783188792389       0.9796889740973711
     656.3176784523016067       0.9920428553596139
     656.3178785857238609       1.0019008240196854
     656.3180787191461150       1.0130708860233426
     656.3182788525683691       0.9438848309218884
     656.3184789859907369       0.9704829547554255
     656.3186791194129910       1.0716603919863701
     656.3188792528352451       1.0129319103434682
     656.3190793862574992       1.0059897559694946
     656.3192795196798670       0.8786145895719528
     656.3194796531021211       0.9119487181305885
     656.3196797865243752       1.0235845074057579
     656.3198799199466293       0.9770625624805689
     656.3200800533688835       0.9505021683871746
     656.3202801867912513       1.0023210255894810
     656.3204803202135054       0.9455936476588249
     656.3206804536357595       0.9158155471086502
     656.3208805870580136       0.9995218746189494
     656.3210807204803814       0.9576310366392136
     656.3212808539026355       0.9018869102001190
     656.3214809873248896       0.9305922910571098
     656.3216811207471437       0.9689821247011423
     656.3218812541695115       0.9747190233319998
     656.3220813875917656       0.9278496429324150
     656.3222815210140197       0.9480307139456272
     656.3224816544362739       0.9236148074269295
     656.3226817878586417       1.0214956309646368
     656.3228819212808958       1.0491427592933178
     656.3230820547031499       1.0327257923781872
     656.3232821881254040       1.0251396298408508
     656.3234823215477718       1.0344896502792835
     656.3236824549700259       1.0503389425575733
     656.3238825883922800       1.0256077144294977
     656.3240827218145341       1.0461801439523697
     656.3242828552369019       0.9648288711905479
     656.3244829886591560       0.9986516332719475
     656.3246831220814101       1.0042649433016777
     656.3248832555036643       0.8843428343534470
     656.3250833889260321       1.0630453824996948
     656.3252835223482862       1.0553435347974300
     656.3254836557705403       1.0110114645212889
     656.3256837891927944       1.0222239252179861
     656.3258839226150485       0.9825298245996237
     656.3260840560374163       0.9965949691832066
     656.3262841894596704       0.9654040373861790
     656.3264843228819245       1.0421490930020809
     656.3266844563041786       0.9635814018547535
     656.3268845897265464       1.0592510811984539
     656.3270847231488005       1.1296819001436234
     656.3272848565710547       0.9500698596239090
     656.3274849899933088       1.0356673747301102
     656.3276851234156766       0.9973628805018961
     656.3278852568379307       0.9605528376996517
     656.3280853902601848       0.9713072236627340
     656.3282855236824389       1.0189314819872379
     656.3284856571048067       0.9324082732200623
     656.3286857905270608       0.9686933420598507
     656.3288859239493149       1.0509649589657784
     656.3290860573715690       1.0013986610574648
     656.3292861907939368       1.0911973267793655
     656.3294863242161910       0.9915514448657632
     656.3296864576384451       1.0450244359672070
     656.3298865910606992       1.0174424834549427
     656.3300867244830670       0.9790511988103390
     656.3302868579053211       1.0447070896625519
     656.3304869913275752       1.0415546968579292
     656.3306871247498293       1.0209604240953922
     656.3308872581721971       1.0952995717525482
     656.3310873915944512       0.8420398682355881
     656.3312875250167053       0.9119785055518150
     656.3314876584389594       1.0054469238966703
     656.3316877918612136       1.0345101170241833
     656.3318879252835814       1.0122605282813311
     656.3320880587058355       0.9682273864746094
     656.3322881921280896       0.9674472548067570
     656.3324883255503437       0.9997781816346105
     656.3326884589727115       1.0555899925529957
     656.3328885923949656       0.9104025289416313
     656.3330887258172197       0.9962420670781285
     656.3332888592394738       0.9989648220362142
     656.3334889926618416       1.0080275163054466
     656.3336891260840957       0.8984798640012741
     656.3338892595063498       1.0733026117086411
     656.3340893929286040       1.0076019363477826
     656.3342895263509718       0.9908211734145880
     656.3344896597732259       0.9997270340099931
     656.3346897931954800       1.0373652987182140
     656.3348899266177341       0.9728367943316698
     656.3350900600401019       0.9596317298710346
     656.3352901934623560       0.9354423061013222
     656.3354903268846101       0.8755518570542336
     656.3356904603068642       0.9733085632324219
     656.3358905937292320       0.9318297132849693
     656.3360907271514861       0.9484858699142933
     656.3362908605737402       1.0453112982213497
     656.3364909939959944       1.0187764130532742
     656.3366911274182485       0.9868843704462051
     656.3368912608406163       0.9564507640898228
     656.3370913942628704       1.0271130334585905
     656.3372915276851245       0.9864201517775655
     656.3374916611073786       1.0314106307923794
     656.3376917945297464       0.9907188750803471
     656.3378919279520005       0.9579715169966221
     656.3380920613742546       0.9430617280304432
     656.3382921947965087       1.0430361479520798
     656.3384923282188765       1.1039675474166870
     656.3386924616411306       0.9901469079777598
     656.3388925950633848       1.0560387484729290
     656.3390927284856389       1.0076065459288657
     656.3392928619080067       0.9876748332753778
     656.3394929953302608       0.9320518746972084
     656.3396931287525149       0.9371954724192619
     656.3398932621747690       1.0257349554449320
     656.3400933955971368       0.9679951108992100
     656.3402935290193909       0.9198916554450989
     656.3404936624416450       1.0194936115294695
     656.3406937958638991       1.0659012123942375
     656.3408939292862669       1.0172794573009014
     656.3410940627085211       1.0180650632828474
     656.3412941961307752       1.0569543726742268
     656.3414943295530293       0.9291310310363770
     656.3416944629753971       0.9467872306704521
     656.3418945963976512       0.9404499717056751
     656.3420947298199053       1.0576458387076855
     656.3422948632421594       1.0549856089055538
     656.3424949966644135       1.0482672415673733
     656.3426951300867813       0.9653065316379070
     656.3428952635090354       0.9811213482171297
     656.3430953969312895       0.9852546574547887
     656.3432955303535437       0.9657702855765820
     656.3434956637759115       1.0073711620643735
     656.3436957971981656       0.9668842963874340
     656.3438959306204197       0.9974781742785126
     656.3440960640426738       0.9838363192975521
     656.3442961974650416       1.0571489296853542
     656.3444963308872957       1.1093299984931946
     656.3446964643095498       1.0199011173099279
     656.3448965977318039       0.8751731291413307
     656.3450967311541717       1.0564574860036373
     656.3452968645764258       1.0968143343925476
     656.3454969979986799       0.9192706272006035
     656.3456971314209341       0.9926040507853031
     656.3458972648433019       0.9878565389662981
     656.3460973982655560       1.0007537542842329
     656.3462975316878101       1.1062975749373436
     656.3464976651100642       1.0224803648889065
     656.3466977985324320       0.9903438175097108
     656.3468979319546861       0.9810310769826174
     656.3470980653769402       1.0633774846792221
     656.3472981987991943       0.9490772671997547
     656.3474983322214484       1.0246333442628384
     656.3476984656438162       0.9617489911615849
     656.3478985990660703       0.8731160461902618
     656.3480987324883245       0.9780730064958334
     656.3482988659105786       0.9510976113379002
     656.3484989993329464       1.0701664611697197
     656.3486991327552005       0.9256078898906708
     656.3488992661774546       1.0292698722332716
     656.3490993995997087       1.0670376941561699
     656.3492995330220765       1.0335997454822063
     656.3494996664443306       1.0882095098495483
     656.3496997998665847       0.9707715716212988
     656.3498999332888388       1.0049787438474596
     656.3501000667112066       0.9581470675766468
     656.3503002001334607       0.8823829293251038
     656.3505003335557149       1.0071725398302078
     656.3507004669779690       0.9538839049637318
     656.3509006004003368       1.0117798270657659
     656.3511007338225909       0.9851865181699395
     656.3513008672448450       0.9976696551311761
     656.3515010006670991       0.9662668555974960
     656.3517011340894669       0.9672235585749149
     656.3519012675117210       0.9902863418683410
     656.3521014009339751       1.0178020950406790
     656.3523015343562292       1.0153079954907298
     656.3525016677785970       0.9198123142123222
     656.3527018012008512       0.9513994008302689
     656.3529019346231053       0.9705146420747042
     656.3531020680453594       1.0279841814190149
     656.3533022014676135       1.0421193055808544
     656.3535023348899813       0.9635595418512821
     656.3537024683122354       0.9894583281129599
     656.3539026017344895       0.9619122631847858
     656.3541027351567436       0.9521173834800720
     656.3543028685791114       0.9471961744129658
     656.3545030020013655       0.9041756913065910
     656.3547031354236196       1.0164071582257748
     656.3549032688458738       0.9826467055827379
     656.3551034022682416       1.0052704131230712
     656.3553035356904957       1.0154104204848409
     656.3555036691127498       0.9741481188684702
     656.3557038025350039       1.0131601840257645
     656.3559039359573717       0.9946393864229321
     656.3561040693796258       1.0128990886732936
     656.3563042028018799       1.0881326720118523
     656.3565043362241340       1.0318224504590034
     656.3567044696465018       0.9713686406612396
     656.3569046030687559       0.9684187099337578
     656.3571047364910100       0.9555875584483147
     656.3573048699132642       0.8685114383697510
     656.3575050033356320       1.0066837943159044
     656.3577051367578861       0.9601617380976677
     656.3579052701801402       0.9854059796780348
     656.3581054036023943       0.9780118651688099
     656.3583055370246484       0.9284207597374916
     656.3585056704470162       0.9360285252332687
     656.3587058038692703       0.9368482232093811
     656.3589059372915244       0.9462770111858845
     656.3591060707137785       0.9380247294902802
     656.3593062041361463       1.0329661443829536
     656.3595063375584004       1.0394867621362209
     656.3597064709806546       1.0029620658606291
     656.3599066044029087       1.1062697768211365
     656.3601067378252765       0.9934733291156590
     656.3603068712475306       0.9117443338036537
     656.3605070046697847       1.0031408269423991
     656.3607071380920388       1.0167807787656784
     656.3609072715144066       0.9724765624850988
     656.3611074049366607       1.0693531110882759
     656.3613075383589148       1.0079214265570045
     656.3615076717811689       0.9627139642834663
     656.3617078052035367       1.0377711318433285
     656.3619079386257908       1.0408308058977127
     656.3621080720480450       1.0079936897382140
     656.3623082054702991       0.9787658620625734
     656.3625083388926669       1.0484737381339073
     656.3627084723149210       0.9576560035347939
     656.3629086057371751       0.9344210103154182
     656.3631087391594292       0.9390582181513309
     656.3633088725817970       1.0483636744320393
     656.3635090060040511       1.0742837190628052
     656.3637091394263052       0.9024510234594345
     656.3639092728485593       0.8431847542524338
     656.3641094062708135       1.0043387818150222
     656.3643095396931813       0.9539232291281223
     656.3645096731154354       1.0941008850932121
     656.3647098065376895       0.9378166235983372
     656.3649099399599436       0.9539612755179405
     656.3651100733823114       0.9672360904514790
     656.3653102068045655       1.0436741821467876
     656.3655103402268196       0.9774476457387209
     656.3657104736490737       1.0104685919359326
     656.3659106070714415       1.0127424346283078
     656.3661107404936956       1.0125920567661524
     656.3663108739159497       1.0226138699799776
     656.3665110073382039       1.0037165142130107
     656.3667111407605717       1.0560129769146442
     656.3669112741828258       1.0615801922976971
     656.3671114076050799       1.0506269149482250
     656.3673115410273340       1.0645790994167328
     656.3675116744497018       0.9176288023591042
     656.3677118078719559       1.0390867851674557
     656.3679119412942100       0.9811289031058550
     656.3681120747164641       0.9740936122834682
     656.3683122081388319       0.9269432276487350
     656.3685123415610860       1.0022585317492485
     656.3687124749833401       0.9917361261323094
     656.3689126084055943       1.0301755275577307
     656.3691127418278484       0.9683510251343250
     656.3693128752502162       0.9848934086039662
     656.3695130086724703       0.9995126163121313
     656.3697131420947244       0.9253891631960869
     656.3699132755169785       1.0430395230650902
     656.3701134089393463       0.9102292060852051
     656.3703135423616004       1.0557425096631050
     656.3705136757838545       1.0161548312753439
     656.3707138092061086       1.0155363203957677
     656.3709139426284764       1.0213295724242926
     656.3711140760507305       1.0091636832803488
     656.3713142094729847       0.9560000933706758
     656.3715143428952388       0.9183889701962468
     656.3717144763176066       0.9809246808290476
     656.3719146097398607       1.0452395416796199
     656.3721147431621148       1.0574782453477372
     656.3723148765843689       1.0203993897885066
     656.3725150100067367       0.9741530232131456
     656.3727151434289908       1.0950806662440260
     656.3729152768512449       0.9978268912527652
     656.3731154102734990       0.9813032932579432
     656.3733155436958668       0.9645168036222332
     656.3735156771181209       0.9479650296270662
     656.3737158105403751       1.0292756389826263
     656.3739159439626292       0.9241895154118137
     656.3741160773849970       0.9205700606107124
     656.3743162108072511       1.0034062080084420
     656.3745163442295052       1.0087852356954161
     656.3747164776517593       1.1126338392494293
     656.3749166110740134       0.9502304531631222
     656.3751167444963812       1.0334336012598047
     656.3753168779186353       0.9686802215868704
     656.3755170113408894       0.9632636345915047
     656.3757171447631436       1.0603047981846916
     656.3759172781855113       1.0112810945122104
     656.3761174116077655       1.0763559415913289
     656.3763175450300196       0.9546062089469790
     656.3765176784522737       1.0197942387265728
     656.3767178118746415       1.0681265518002760
     656.3769179452968956       1.0403003618027120
     656.3771180787191497       1.0437734015153362
     656.3773182121414038       1.0057879243790819
     656.3775183455637716       0.9357135891652592
     656.3777184789860257       0.9820149372896702
     656.3779186124082798       0.9023494943464790
     656.3781187458305340       1.0276878661694848
     656.3783188792529018       1.0056074712366865
     656.3785190126751559       1.0256331021456973
     656.3787191460974100       1.1243993638049634
     656.3789192795196641       1.0326506753631253
     656.3791194129420319       1.0037101119419798
     656.3793195463642860       1.1170414308739558
     656.3795196797865401       1.0056531194363683
     656.3797198132087942       1.0522767854948811
     656.3799199466311620       0.9495231496655072
     656.3801200800534161       0.9850621998022036
     656.3803202134756702       0.9436982288204350
     656.3805203468979244       0.9811259234763041
     656.3807204803201785       1.0262002660704719
     656.3809206137425463       0.9971169153426509
     656.3811207471648004       1.0244420765394573
     656.3813208805870545       1.0968311848948802
     656.3815210140093086       1.0828328891069852
     656.3817211474316764       1.0493253922190937
     656.3819212808539305       1.0288554730359345
     656.3821214142761846       1.0503140370248540
     656.3823215476984387       0.9777103484824341
     656.3825216811208065       0.9888152904651050
     656.3827218145430606       0.9679960216179730
     656.3829219479653148       0.9773975680936795
     656.3831220813875689       0.9367717820710750
     656.3833222148099367       1.0840819413486957
     656.3835223482321908       1.0574537369303874
     656.3837224816544449       0.9736395108704227
     656.3839226150766990       1.0077988524242913
     656.3841227484990668       1.0708574216836073
     656.3843228819213209       1.0845074600766655
     656.3845230153435750       1.0103663981363455
     656.3847231487658291       1.0123356904887784
     656.3849232821881969       1.0589361371453050
     656.3851234156104510       1.0037390951948886
     656.3853235490327052       0.9992888303212114
     656.3855236824549593       1.0063454433692005
     656.3857238158772134       0.9327117516951525
     656.3859239492995812       1.0445847078673434
     656.3861240827218353       0.9352040555048872
     656.3863242161440894       1.0232272398766300
     656.3865243495663435       0.9552689890889713
     656.3867244829887113       1.0319754182970213
     656.3869246164109654       0.9462404572758368
     656.3871247498332195       1.0110814631236051
     656.3873248832554737       0.9555595899949864
     656.3875250166778414       0.9567600372918367
     656.3877251501000956       1.1011511458225220
     656.3879252835223497       1.0044597974462950
     656.3881254169446038       1.0104625013136093
     656.3883255503669716       1.0076986717964074
     656.3885256837892257       0.9252325648803287
     656.3887258172114798       0.9802376927395250
     656.3889259506337339       1.0809652004959491
     656.3891260840561017       0.9870258063815014
     656.3893262174783558       1.0494837012844100
     656.3895263509006099       1.0325030052842110
     656.3897264843228641       1.0127467675687767
     656.3899266177452319       1.0996048583861600
     656.3901267511674860       0.9864379747159301
     656.3903268845897401       1.0214364669929461
     656.3905270180119942       1.0493769452385613
     656.3907271514343620       0.9708251778062613
     656.3909272848566161       1.0212190680844646
     656.3911274182788702       1.0655557892435534
     656.3913275517011243       0.9941032466166644
     656.3915276851233784       1.0025353367007672
     656.3917278185457462       1.0650900583417791
     656.3919279519680003       1.0512992393639826
     656.3921280853902545       0.9388426683934408
     656.3923282188125086       1.0402769774072316
     656.3925283522348764       0.9766044892294902
     656.3927284856571305       0.9949321545171697
     656.3929286190793846       0.9736226162511713
     656.3931287525016387       1.0184060652806215
     656.3933288859240065       0.9380750527308412
     656.3935290193462606       1.0065118568469371
     656.3937291527685147       0.9491659110248843
     656.3939292861907688       0.9969428426493947
     656.3941294196131366       0.9499051906291196
     656.3943295530353907       0.9947145685137935
     656.3945296864576449       0.9684090812614778
     656.3947298198798990       0.9546296939885174
     656.3949299533022668       0.9682486863767489
     656.3951300867245209       1.0536955092693350
     656.3953302201467750       1.0471728368663116
     656.3955303535690291       0.9035544849105207
     656.3957304869913969       0.9716356627351014
     656.3959306204136510       0.9849998287383009
     656.3961307538359051       0.8981230906632126
     656.3963308872581592       0.9997134366571983
     656.3965310206804133       0.9808781368028107
     656.3967311541027811       1.0665642230350483
     656.3969312875250353       0.9291071376786092
     656.3971314209472894       1.0130814625099713
     656.3973315543695435       0.9469861917227084
     656.3975316877919113       0.9408137745922880
     656.3977318212141654       0.9475427067803437
     656.3979319546364195       0.9090146800143779
     656.3981320880586736       1.0267227569843698
     656.3983322214810414       0.9783120487982818
     656.3985323549032955       0.9359466903267539
     656.3987324883255496       0.9384458581149420
     656.3989326217478038       0.8718643364524936
     656.3991327551701715       0.9306232616516328
     656.3993328885924257       0.9231825613758565
     656.3995330220146798       0.9470035032184686
     656.3997331554369339       0.8307271502606799
     656.3999332888593017       0.9241846875570877
     656.4001334222815558       0.8548302899550643
     656.4003335557038099       0.9017187913384286
     656.4005336891260640       0.9377220531228140
     656.4007338225484318       0.8288268898373139
     656.4009339559706859       0.8890756442399301
     656.4011340893929400       0.8782063581141307
     656.4013342228151942       0.8132061582971301
     656.4015343562375620       0.8113968011954393
     656.4017344896598161       0.8736437317187414
     656.4019346230820702       0.8295243306592043
     656.4021347565043243       0.8720163522646427
     656.4023348899265784       0.7820572841686622
     656.4025350233489462       0.8344155811286038
     656.4027351567712003       0.8306473338951371
     656.4029352901934544       0.8290021674883703
     656.4031354236157085       0.8444418272119028
     656.4033355570380763       0.7788420872117039
     656.4035356904603304       0.8007568833404282
     656.4037358238825846       0.7806854385564455
     656.4039359573048387       0.6771318981608487
     656.4041360907272065       0.7822181339749060
     656.4043362241494606       0.7701499451563647
     656.4045363575717147       0.8726343405215626
     656.4047364909939688       0.7815971223814744
     656.4049366244163366       0.7548336272416373
     656.4051367578385907       0.7508495544713588
     656.4053368912608448       0.7416881595277811
     656.4055370246830989       0.7619967652326862
     656.4057371581054667       0.7878867597881454
     656.4059372915277208       0.9762416468913896
     656.4061374249499750       0.8365423740132580
     656.4063375583722291       0.8818410995523733
     656.4065376917945969       0.7751510180387509
     656.4067378252168510       0.8855431359086358
     656.4069379586391051       0.8373140438953162
     656.4071380920613592       0.8458707665178754
     656.4073382254836133       0.8670048955654278
     656.4075383589059811       0.8153155504577844
     656.4077384923282352       0.7729129060226715
     656.4079386257504893       0.8069931386029353
     656.4081387591727434       0.9217330930604773
     656.4083388925951112       0.7789637875385413
     656.4085390260173654       0.8903733208354548
     656.4087391594396195       0.8199839463361822
     656.4089392928618736       0.8271675843050733
     656.4091394262842414       0.9746851452913220
     656.4093395597064955       1.0360847267113007
     656.4095396931287496       0.9068005611524260
     656.4097398265510037       0.8722479643146676
     656.4099399599733715       0.9352652889514430
     656.4101400933956256       0.8443759323728531
     656.4103402268178797       0.9307216266027161
     656.4105403602401339       0.9256825051945493
     656.4107404936625016       0.9769628650930353
     656.4109406270847558       0.8553028253520885
     656.4111407605070099       0.9560611905690194
     656.4113408939292640       0.8830029260824727
     656.4115410273516318       0.9804193236332717
     656.4117411607738859       0.9194064767949390
     656.4119412941961400       0.9649691067012054
     656.4121414276183941       0.9993823419844660
     656.4123415610407619       0.9728094635111463
     656.4125416944630160       0.9421735809555226
     656.4127418278852701       1.0375822900336795
     656.4129419613075243       0.9695910526305083
     656.4131420947297784       0.9585087027403489
     656.4133422281521462       1.0472245740555972
     656.4135423615744003       0.9521007847236309
     656.4137424949966544       1.0576907355271161
     656.4139426284189085       0.9572697032230134
     656.4141427618412763       0.9873311498828448
     656.4143428952635304       1.0089934831040819
     656.4145430286857845       0.9977597719935581
     656.4147431621080386       1.0103902906092190
     656.4149432955304064       1.0396417641208546
     656.4151434289526605       1.0034908411365437
     656.4153435623749147       0.9496253631628941
     656.4155436957971688       1.0413160218855984
     656.4157438292195366       1.0201918267389205
     656.4159439626417907       0.9198330849499883
     656.4161440960640448       1.0938559623028321
     656.4163442294862989       0.9474761901749849
     656.4165443629086667       0.9494534870995387
     656.4167444963309208       0.9137339976054143
     656.4169446297531749       0.9832492069993302
     656.4171447631754290       0.9513280266055057
     656.4173448965977968       1.0128381783951659
     656.4175450300200509       1.0359911670877491
     656.4177451634423051       1.0189994244208487
     656.4179452968645592       0.9495261334830559
     656.4181454302869270       0.9507085799815329
     656.4183455637091811       1.0713430856106716
     656.4185456971314352       1.0538497282429820
     656.4187458305536893       1.0771193849344236
     656.4189459639759434       1.0257142861915785
     656.4191460973983112       0.9749421404815529
     656.4193462308205653       1.0189997645503277
     656.4195463642428194       0.9824197067200212
     656.4197464976650735       1.0160840589933593
     656.4199466310874413       0.9737112022183123
     656.4201467645096955       1.0281469855803871
     656.4203468979319496       1.0860529952001916
     656.4205470313542037       0.9691165753225909
     656.4207471647765715       0.9785628701685202
     656.4209472981988256       0.9815562700552426
     656.4211474316210797       1.0712686246684970
     656.4213475650433338       1.0226007986033001
     656.4215476984657016       0.9937121573332253
     656.4217478318879557       1.0353922557999287
     656.4219479653102098       1.0755508946737913
     656.4221480987324640       0.9965661496041645
     656.4223482321548317       1.0255347456613149
     656.4225483655770859       1.0164346578088010
     656.4227484989993400       0.9250238750998626
     656.4229486324215941       1.0207908134696329
     656.4231487658439619       0.9571490857843323
     656.4233488992662160       1.0020467593842808
     656.4235490326884701       1.0538424574301606
     656.4237491661107242       0.9613602466966193
     656.4239492995329783       1.1072642270374646
     656.4241494329553461       0.9711885569676635
     656.4243495663776002       1.1169842391121025
     656.4245496997998544       0.9738227710112495
     656.4247498332221085       0.9677164635698952
     656.4249499666444763       0.9692066634713298
     656.4251501000667304       0.9584944209652302
     656.4253502334889845       0.9276104200143926
     656.4255503669112386       1.0007548807997397
     656.4257505003336064       1.0740923206750073
     656.4259506337558605       0.8796270761138286
     656.4261507671781146       0.9618924205848745
     656.4263509006003687       1.0336365741836362
     656.4265510340227365       0.9331375525124634
     656.4267511674449906       0.9219301108473534
     656.4269513008672448       1.0396827467377383
     656.4271514342894989       0.9486785833866668
     656.4273515677118667       1.0483684524251187
     656.4275517011341208       1.0473072219078761
     656.4277518345563749       1.0479269009766079
     656.4279519679786290       0.9993320564621947
     656.4281521014009968       0.9764650449888682
     656.4283522348232509       0.9460913985013644
     656.4285523682455050       1.0085714300717161
     656.4287525016677591       0.9115684756563708
     656.4289526350901269       1.0482226594745634
     656.4291527685123810       1.0418573494820187
     656.4293529019346352       0.9922800428283126
     656.4295530353568893       1.0331541256468020
     656.4297531687791434       1.0574898417311487
     656.4299533022015112       0.9990224043389732
     656.4301534356237653       0.9124021900324574
     656.4303535690460194       0.9627200959405863
     656.4305537024682735       0.9611373318987958
     656.4307538358906413       0.9975434068166371
     656.4309539693128954       0.9947668616020059
     656.4311541027351495       0.9719827826607124
     656.4313542361574036       1.0196797493516709
     656.4315543695797714       0.9605761356417279
     656.4317545030020256       1.0831309184265052
     656.4319546364242797       1.0257740858823672
     656.4321547698465338       1.0901458710348026
     656.4323549032689016       1.0476924218178016
     656.4325550366911557       0.9124837666708092
     656.4327551701134098       1.0612207613855964
     656.4329553035356639       1.0182875990846967
     656.4331554369580317       1.0982792526469090
     656.4333555703802858       0.9697286803265264
     656.4335557038025399       0.9339432492845191
     656.4337558372247940       0.9562875665719403
     656.4339559706471618       1.0039016462393453
     656.4341561040694160       0.9957267241550138
     656.4343562374916701       1.0409664623437704
     656.4345563709139242       0.8939049243925896
     656.4347565043361783       1.0294628944247202
     656.4349566377585461       1.0654621645807700
     656.4351567711808002       0.8983994126319531
     656.4353569046030543       1.0108769442885874
     656.4355570380253084       1.0330402255058124
     656.4357571714476762       1.0672079771757015
     656.4359573048699303       1.0606350414454861
     656.4361574382921845       0.9621734805405090
     656.4363575717144386       0.9609784334897961
     656.4365577051368064       1.0015572777483590
     656.4367578385590605       1.0518640466034397
     656.4369579719813146       1.0425981245934954
     656.4371581054035687       0.9077525734901422
     656.4373582388259365       1.0636380910873409
     656.4375583722481906       1.0189532469958062
     656.4377585056704447       1.0935596525669096
     656.4379586390926988       1.0338331125676632
     656.4381587725150666       1.0163341183215380
     656.4383589059373207       1.0220992397516966
     656.4385590393595749       1.0390650741755962
     656.4387591727818290       1.0257000569254160
     656.4389593062041968       0.9192288592457771
     656.4391594396264509       1.0160955265164375
     656.4393595730487050       0.9888453455641866
     656.4395597064709591       0.9460651315748692
     656.4397598398933269       1.0061169760301709
     656.4399599733155810       0.9668976850807667
     656.4401601067378351       0.9921674821525812
     656.4403602401600892       0.9700503591448069
     656.4405603735823433       1.0063860528171062
     656.4407605070047111       1.0823706910014153
     656.4409606404269653       1.0684403404593468
     656.4411607738492194       1.0449362397193909
     656.4413609072714735       0.9984174445271492
     656.4415610406938413       0.9532283022999763
     656.4417611741160954       0.9907281678169966
     656.4419613075383495       0.9243051484227180
     656.4421614409606036       0.9553498513996601
     656.4423615743829714       0.9924121410585940
     656.4425617078052255       0.8957604616880417
     656.4427618412274796       1.0133172711357474
     656.4429619746497337       0.9483227059245110
     656.4431621080721015       0.9626615345478058
     656.4433622414943557       0.9512148275971413
     656.4435623749166098       1.0291492696851492
     656.4437625083388639       1.0125123132020235
     656.4439626417612317       1.0400926619768143
     656.4441627751834858       1.0047376467846334
     656.4443629086057399       1.0684918686747551
     656.4445630420279940       1.1261461824178696
     656.4447631754503618       0.9337994754314423
     656.4449633088726159       0.9586041904985905
     656.4451634422948700       0.9461969546973705
     656.4453635757171241       1.0774268731474876
     656.4455637091393783       1.0094943307340145
     656.4457638425617461       0.9184539392590523
     656.4459639759840002       0.8552381694316864
     656.4461641094062543       0.8748627603054047
     656.4463642428285084       1.0273082703351974
     656.4465643762508762       1.0730487927794456
     656.4467645096731303       1.0153954625129700
     656.4469646430953844       1.0443207994103432
     656.4471647765176385       1.0540122948586941
     656.4473649099400063       1.0405339226126671
     656.4475650433622604       0.9981812791666016
     656.4477651767845146       1.0466259792447090
     656.4479653102067687       1.0123108988627791
     656.4481654436291365       0.9450931586325169
     656.4483655770513906       0.9356808140873909
     656.4485657104736447       1.0613434128463268
     656.4487658438958988       1.0128103643655777
     656.4489659773182666       1.0499126873910427
     656.4491661107405207       0.9762652963399887
     656.4493662441627748       0.9111082330346107
     656.4495663775850289       1.0313529632985592
     656.4497665110073967       1.0599684529006481
     656.4499666444296508       1.0756748467683792
     656.4501667778519050       1.1079384684562683
     656.4503669112741591       1.0159528963267803
     656.4505670446965269       0.9794756826013327
     656.4507671781187810       1.0842754989862442
     656.4509673115410351       1.0901796743273735
     656.4511674449632892       1.0576899908483028
     656.4513675783855433       0.9252398535609245
     656.4515677118079111       1.0864547714591026
     656.4517678452301652       1.0797914192080498
     656.4519679786524193       0.9992551524774171
     656.4521681120746734       0.9568281881511211
     656.4523682454970412       1.0673077180981636
     656.4525683789192954       0.9458998069167137
     656.4527685123415495       1.0196045171469450
     656.4529686457638036       1.1095989122986794
     656.4531687791861714       0.9879659023135900
     656.4533689126084255       1.0622743926942348
     656.4535690460306796       0.9571581743657589
     656.4537691794529337       0.9767078738659620
     656.4539693128753015       0.9253885373473167
     656.4541694462975556       0.8979841843247414
     656.4543695797198097       1.0449752025306225
     656.4545697131420638       0.9066181555390358
     656.4547698465644316       1.0661349818110466
     656.4549699799866858       0.9315760731697083
     656.4551701134089399       1.0166236665099859
     656.4553702468311940       0.9728797990828753
     656.4555703802535618       0.9839686919003725
     656.4557705136758159       0.9177323952317238
     656.4559706470980700       0.9905732329934835
     656.4561707805203241       0.9855812741443515
     656.4563709139425782       0.9772478882223368
     656.4565710473649460       0.9198966994881630
     656.4567711807872001       0.9344359114766121
     656.4569713142094542       0.9565436094999313
     656.4571714476317084       0.9819044787436724
     656.4573715810540762       1.0390858501195908
     656.4575717144763303       1.0783460587263107
     656.4577718478985844       0.9347300603985786
     656.4579719813208385       0.9249225407838821
     656.4581721147432063       1.0268741231411695
     656.4583722481654604       1.0626682415604591
     656.4585723815877145       0.9823660310357809
     656.4587725150099686       1.0661438629031181
     656.4589726484323364       0.9768885765224695
     656.4591727818545905       0.9681368209421635
     656.4593729152768447       1.0128862457349896
     656.4595730486990988       1.0042565981857479
     656.4597731821214666       1.0512973554432392
     656.4599733155437207       1.0404944196343422
     656.4601734489659748       0.9631140120327473
     656.4603735823882289       0.8664232045412064
     656.4605737158105967       0.9550697207450867
     656.4607738492328508       1.0860382840037346
     656.4609739826551049       1.0387815088033676
     656.4611741160773590       0.9370873346924782
     656.4613742494997268       0.9943165564909577
     656.4615743829219809       1.0551620125770569
     656.4617745163442351       0.9728987421840429
     656.4619746497664892       1.0350517146289349
     656.4621747831887433       1.0055510085076094
     656.4623749166111111       1.0051667005755007
     656.4625750500333652       0.9484580978751183
     656.4627751834556193       0.9481824450194836
     656.4629753168778734       0.9638527631759644
     656.4631754503002412       1.0053062825463712
     656.4633755837224953       0.8928610682487488
     656.4635757171447494       1.0586963184177876
     656.4637758505670035       0.9417717941105366
     656.4639759839893713       1.0111964661628008
     656.4641761174116255       1.0225185658782721
     656.4643762508338796       0.9785159956663847
     656.4645763842561337       0.9086836501955986
     656.4647765176785015       0.9831976667046547
     656.4649766511007556       1.0351222716271877
     656.4651767845230097       1.0185200944542885
     656.4653769179452638       0.9624861441552639
     656.4655770513676316       0.9205029755830765
     656.4657771847898857       1.0685145556926727
     656.4659773182121398       1.0235426779836416
     656.4661774516343939       1.0109100406989455
     656.4663775850567617       0.9832742623984814
     656.4665777184790159       1.0557039268314838
     656.4667778519012700       1.0451429411768913
     656.4669779853235241       1.0206829626113176
     656.4671781187458919       0.9842736460268497
     656.4673782521681460       0.9673805236816406
     656.4675783855904001       0.9419004656374454
     656.4677785190126542       1.0382987223565578
     656.4679786524349083       0.9574251361191273
     656.4681787858572761       0.9926870092749596
     656.4683789192795302       1.0531793609261513
     656.4685790527017843       0.9577939622104168
     656.4687791861240385       1.0400900952517986
     656.4689793195464063       0.9446397908031940
     656.4691794529686604       0.9335579499602318
     656.4693795863909145       1.1160248741507530
     656.4695797198131686       1.0433899424970150
     656.4697798532355364       0.9450608976185322
     656.4699799866577905       0.9776029903441668
     656.4701801200800446       0.9329080358147621
     656.4703802535022987       1.0572985969483852
     656.4705803869246665       0.9899396188557148
     656.4707805203469206       1.0020191520452499
     656.4709806537691748       1.0380666963756084
     656.4711807871914289       1.0364502370357513
     656.4713809206137967       0.9859825158491731
     656.4715810540360508       1.1195134446024895
     656.4717811874583049       1.0743466913700104
     656.4719813208805590       0.9678649269044399
     656.4721814543029268       0.9599268175661564
     656.4723815877251809       1.0938018634915352
     656.4725817211474350       0.9468614943325520
     656.4727818545696891       1.0428405217826366
     656.4729819879919432       1.0533850081264973
     656.4731821214143110       0.9827130399644375
     656.4733822548365652       1.0576109290122986
     656.4735823882588193       0.9666994027793407
     656.4737825216810734       0.9851099783554673
     656.4739826551034412       0.9453696720302105
     656.4741827885256953       1.0421438738703728
     656.4743829219479494       1.0942866355180740
     656.4745830553702035       1.0043683378025889
     656.4747831887925713       0.9905346045270562
     656.4749833222148254       1.0196568369865417
     656.4751834556370795       0.9926904775202274
     656.4753835890593336       0.9564188271760941
     656.4755837224817014       0.9787569511681795
     656.4757838559039556       0.9919955777004361
     656.4759839893262097       1.0430723764002323
     656.4761841227484638       0.9043720737099648
     656.4763842561708316       1.0963297858834267
     656.4765843895930857       0.9926404994912446
     656.4767845230153398       1.0376274250447750
     656.4769846564375939       1.0045030256733298
     656.4771847898599617       0.9930182807147503
     656.4773849232822158       0.9500296674668789
     656.4775850567044699       0.9683037772774696
     656.4777851901267240       0.9905587378889322
     656.4779853235490918       1.0742542967200279
     656.4781854569713460       0.9741639252752066
     656.4783855903936001       1.0073696710169315
     656.4785857238158542       1.0008092314819805
     656.4787858572381083       1.0132535276934505
     656.4789859906604761       1.0561065971851349
     656.4791861240827302       0.9402870833873749
     656.4793862575049843       1.0133555522188544
     656.4795863909272384       1.0652000755071640
     656.4797865243496062       1.0064934315159917
     656.4799866577718603       1.0528098605573177
     656.4801867911941144       1.0485558956861496
     656.4803869246163686       1.0415966920554638
     656.4805870580387364       0.9533381201326847
     656.4807871914609905       0.9296099245548248
     656.4809873248832446       1.0218394529074430
     656.4811874583054987       1.0046027069911361
     656.4813875917278665       0.9249751791357994
     656.4815877251501206       0.9955777949653566
     656.4817878585723747       0.9362960457801819
     656.4819879919946288       0.8670041114091873
     656.4821881254169966       1.0448293164372444
     656.4823882588392507       0.9555052183568478
     656.4825883922615049       0.9269770309329033
     656.4827885256837590       1.0387076549232006
     656.4829886591061268       0.9601245187222958
     656.4831887925283809       0.9585717841982841
     656.4833889259506350       0.9738063607364893
     656.4835890593728891       0.9853595178574324
     656.4837891927951432       1.0377625040709972
     656.4839893262175110       0.9417995400726795
     656.4841894596397651       1.0387909635901451
     656.4843895930620192       0.9782161619514227
     656.4845897264842733       1.0751131474971771
     656.4847898599066411       0.9616658911108971
     656.4849899933288953       1.0134986313059926
     656.4851901267511494       1.0637981668114662
     656.4853902601734035       0.9896783102303743
     656.4855903935957713       1.0194198880344629
     656.4857905270180254       1.0377988256514072
     656.4859906604402795       0.9028558805584908
     656.4861907938625336       1.0639346763491631
     656.4863909272849014       0.9197545051574707
     656.4865910607071555       0.9657094255089760
     656.4867911941294096       0.9613614417612553
     656.4869913275516637       1.0085598612204194
     656.4871914609740315       1.0594537220895290
     656.4873915943962857       1.0710668265819550
     656.4875917278185398       1.0031457326840609
     656.4877918612407939       1.0296280924230814
     656.4879919946631617       1.0644946321845055
     656.4881921280854158       0.9943519015796483
     656.4883922615076699       0.9215459302067757
     656.4885923949299240       0.9271033182740211
     656.4887925283522918       0.9493233896791935
     656.4889926617745459       0.9886377565562725
     656.4891927951968000       1.0426283180713654
     656.4893929286190541       1.0627245008945465
     656.4895930620413083       1.0829875841736794
     656.4897931954636761       0.9058794900774956
     656.4899933288859302       1.0404853001236916
     656.4901934623081843       0.9722696542739868
     656.4903935957304384       1.0045616687275469
     656.4905937291528062       0.9905446739867330
     656.4907938625750603       0.9211481884121895
     656.4909939959973144       0.9068348482251167
     656.4911941294195685       0.9799495358020067
     656.4913942628419363       0.9999112330915523
     656.4915943962641904       0.8875910267233849
     656.4917945296864445       1.0622326917946339
     656.4919946631086987       0.9345668852329254
     656.4921947965310665       1.0173733085393906
     656.4923949299533206       0.9391051121056080
     656.4925950633755747       1.0249598659574986
     656.4927951967978288       0.9808610565960407
     656.4929953302201966       0.9733280204236507
     656.4931954636424507       0.9436272084712982
     656.4933955970647048       0.9836162850260735
     656.4935957304869589       0.9408544488251209
     656.4937958639093267       0.9334550350904465
     656.4939959973315808       1.0725289285182953
     656.4941961307538350       1.0293798577040434
     656.4943962641760891       0.9910581829026341
     656.4945963975983432       0.9394120462238789
     656.4947965310207110       1.0242860615253448
     656.4949966644429651       1.0119436262175441
     656.4951967978652192       0.9637620635330677
     656.4953969312874733       0.9409479126334190
     656.4955970647098411       0.9476230777800083
     656.4957971981320952       0.9171984866261482
     656.4959973315543493       1.0630646273493767
     656.4961974649766034       0.9781564362347126
     656.4963975983989712       1.0806592032313347
     656.4965977318212254       0.8899193629622459
     656.4967978652434795       1.0029971844051033
     656.4969979986657336       1.0542605705559254
     656.4971981320881014       0.9924042508937418
     656.4973982655103555       1.0828379914164543
     656.4975983989326096       1.0164165031164885
     656.4977985323548637       0.9652616120874882
     656.4979986657772315       0.9707040991634130
     656.4981987991994856       0.8834730014204979
     656.4983989326217397       0.9927479662001133
     656.4985990660439938       0.9711249489337206
     656.4987991994663616       1.0656170621514320
     656.4989993328886158       0.9665684588253498
     656.4991994663108699       0.8695105463266373
     656.4993995997331240       0.9614515639841557
     656.4995997331554918       1.0200154818594456
     656.4997998665777459       1.0704994052648544
     656.5000000000000000       0.9366840943694115

