     656.2000000000000455       0.9560078456997871
     656.2002001334222996       0.8568469434976578
     656.2004002668445537       0.9435321986675262
     656.2006004002669215       1.0432362183928490
     656.2008005336891756       1.0584174171090126
     656.2010006671114297       1.0305544827133417
     656.2012008005336838       0.9889833340421319
     656.2014009339560516       1.0629934817552567
     656.2016010673783057       1.0242601670324802
     656.2018012008005599       0.9605951234698296
     656.2020013342228140       0.8834337443113327
     656.2022014676451818       0.9042675867676735
     656.2024016010674359       1.0457818172872066
     656.2026017344896900       1.0496977083384991
     656.2028018679119441       1.0272797085344791
     656.2030020013343119       0.9983551558107138
     656.2032021347565660       0.9494933225214481
     656.2034022681788201       1.0029383189976215
     656.2036024016010742       0.9631965793669224
     656.2038025350234420       0.9674328155815601
     656.2040026684456961       1.0466340631246567
     656.2042028018679503       1.0458435155451298
     656.2044029352902044       0.9609149545431137
     656.2046030687125722       0.9592526517808437
     656.2048032021348263       1.0084345499053597
     656.2050033355570804       1.0345963500440121
     656.2052034689793345       0.9374409988522530
     656.2054036024017023       0.9564124681055546
     656.2056037358239564       0.9451704248785973
     656.2058038692462105       0.9820919074118137
     656.2060040026684646       1.0443617738783360
     656.2062041360907187       0.9658967405557632
     656.2064042695130865       0.9879868598654866
     656.2066044029353407       1.0297963898628950
     656.2068045363575948       1.0137366773560643
     656.2070046697798489       1.0018744495464489
     656.2072048032022167       1.0476000346243382
     656.2074049366244708       1.0980915427207947
     656.2076050700467249       0.9710840731859207
     656.2078052034689790       0.9795482102781534
     656.2080053368913468       0.9451143443584442
     656.2082054703136009       1.0194223038852215
     656.2084056037358550       0.9751489367336035
     656.2086057371581092       1.0112258391454816
     656.2088058705804769       0.9782048296183348
     656.2090060040027311       0.8236816674470901
     656.2092061374249852       0.9417099878191948
     656.2094062708472393       1.0565844252705574
     656.2096064042696071       1.0085535189136863
     656.2098065376918612       0.9712158497422934
     656.2100066711141153       1.0261519588530064
     656.2102068045363694       0.9567875973880291
     656.2104069379587372       0.9878819864243269
     656.2106070713809913       1.0099574858322740
     656.2108072048032454       0.9774462301284075
     656.2110073382254996       1.0142157925292850
     656.2112074716477537       1.0216578450053930
     656.2114076050701215       0.9538608230650425
     656.2116077384923756       1.0259609222412109
     656.2118078719146297       0.9098166152834892
     656.2120080053368838       0.9842308722436428
     656.2122081387592516       1.0701590105891228
     656.2124082721815057       0.9856669511646032
     656.2126084056037598       0.9725442547351122
     656.2128085390260139       0.9381614252924919
     656.2130086724483817       1.0424668118357658
     656.2132088058706358       0.9939173818565905
     656.2134089392928900       0.9137143194675446
     656.2136090727151441       0.9607035256922245
     656.2138092061375119       1.0361996702849865
     656.2140093395597660       0.9158699885010719
     656.2142094729820201       0.9844525959342718
     656.2144096064042742       1.0712506622076035
     656.2146097398266420       1.0108276642858982
     656.2148098732488961       1.0593788996338844
     656.2150100066711502       0.9345554262399673
     656.2152101400934043       0.9994650109438226
     656.2154102735157721       1.0143030984327197
     656.2156104069380262       0.9376423954963684
     656.2158105403602804       0.9821302220225334
     656.2160106737825345       0.9722867161035538
     656.2162108072049023       1.0193346496671438
     656.2164109406271564       0.9762259740382433
     656.2166110740494105       1.0433716401457787
     656.2168112074716646       0.9761382415890694
     656.2170113408939187       1.0002808862773236
     656.2172114743162865       1.0110326912254095
     656.2174116077385406       1.0352538861334324
     656.2176117411607947       1.0275387521833181
     656.2178118745830488       1.0155094405636191
     656.2180120080054166       0.9325740188360214
     656.2182121414276708       1.0062080314382911
     656.2184122748499249       1.0298919957131147
     656.2186124082721790       0.9614630565047264
     656.2188125416945468       1.0233257375657558
     656.2190126751168009       1.0136072142049670
     656.2192128085390550       1.0108613139018416
     656.2194129419613091       1.0112544400617480
     656.2196130753836769       0.9803608097136021
     656.2198132088059310       1.0428212694823742
     656.2200133422281851       1.0304743684828281
     656.2202134756504392       1.0599329434335232
     656.2204136090728070       1.0706841722130775
     656.2206137424950612       0.9721032492816448
     656.2208138759173153       1.0119762914255261
     656.2210140093395694       1.0223391447216272
     656.2212141427619372       1.0843805745244026
     656.2214142761841913       0.9972257108893245
     656.2216144096064454       1.0137651115655899
     656.2218145430286995       1.1160633936524391
     656.2220146764509536       1.0324787534773350
     656.2222148098733214       1.0762768983840942
     656.2224149432955755       0.9775815401226282
     656.2226150767178297       1.0763813704252243
     656.2228152101400838       0.9540027864277363
     656.2230153435624516       0.9649940021336079
     656.2232154769847057       0.9798766262829304
     656.2234156104069598       1.0696908310055733
     656.2236157438292139       0.9373556151986122
     656.2238158772515817       1.0040234564803541
     656.2240160106738358       1.0309535097330809
     656.2242161440960899       1.0631656944751740
     656.2244162775183440       1.0065086833201349
     656.2246164109407118       0.9516021907329559
     656.2248165443629659       1.1860200613737106
     656.2250166777852201       1.0445052161812782
     656.2252168112074742       0.9456649459898472
     656.2254169446298420       1.0519807152450085
     656.2256170780520961       1.0554239153862000
     656.2258172114743502       1.0397617928683758
     656.2260173448966043       1.0472289584577084
     656.2262174783189721       1.0959696397185326
     656.2264176117412262       1.0356557779014111
     656.2266177451634803       0.9893067665398121
     656.2268178785857344       0.9436903297901154
     656.2270180120081022       1.0908384919166565
     656.2272181454303563       0.9673204608261585
     656.2274182788526105       1.0084979161620140
     656.2276184122748646       0.9931855713948607
     656.2278185456971187       0.9776052553206682
     656.2280186791194865       1.0582058988511562
     656.2282188125417406       0.9219588413834572
     656.2284189459639947       0.9435374662280083
     656.2286190793862488       0.9234653115272522
     656.2288192128086166       0.9737348705530167
     656.2290193462308707       0.9625805988907814
     656.2292194796531248       1.0282607618719339
     656.2294196130753789       1.1055116206407547
     656.2296197464977467       1.0707514733076096
     656.2298198799200009       1.0207665469497442
     656.2300200133422550       1.1114082708954811
     656.2302201467645091       1.1251174807548523
     656.2304202801868769       0.9274527505040169
     656.2306204136091310       1.0023222749587148
     656.2308205470313851       1.0389034152030945
     656.2310206804536392       0.9888932816684246
     656.2312208138760070       0.8992440924048424
     656.2314209472982611       0.9991544490330853
     656.2316210807205152       0.9900635788217187
     656.2318212141427693       0.9474547840654850
     656.2320213475651371       0.9414075948297977
     656.2322214809873913       1.0518148615956306
     656.2324216144096454       0.9709658231586218
     656.2326217478318995       0.9898984069004655
     656.2328218812541536       0.9546527154743671
     656.2330220146765214       0.9872415745630860
     656.2332221480987755       0.9952820166945457
     656.2334222815210296       0.9291152432560921
     656.2336224149432837       0.9629813544452190
     656.2338225483656515       1.0617767684161663
     656.2340226817879056       1.0024732078891248
     656.2342228152101598       1.0710683986544609
     656.2344229486324139       0.9224659428000450
     656.2346230820547817       1.0256336033344269
     656.2348232154770358       0.9639775864779949
     656.2350233488992899       0.9482043310999870
     656.2352234823215440       1.0197227504104376
     656.2354236157439118       1.0249175392091274
     656.2356237491661659       1.0800731107592583
     656.2358238825884200       0.9797714371234179
     656.2360240160106741       0.9741293154656887
     656.2362241494330419       0.9970573300961405
     656.2364242828552960       1.0650588646531105
     656.2366244162775502       1.0604847036302090
     656.2368245496998043       1.0104082049801946
     656.2370246831221721       1.0282551143318415
     656.2372248165444262       0.9985330576309934
     656.2374249499666803       1.0101300245150924
     656.2376250833889344       0.9944481966085732
     656.2378252168113022       0.9908724250271916
     656.2380253502335563       1.0264723934233189
     656.2382254836558104       0.8943517878651619
     656.2384256170780645       0.9996881121187471
     656.2386257505003186       0.9921389417722821
     656.2388258839226864       0.9900420308113098
     656.2390260173449406       0.9799257237464190
     656.2392261507671947       0.9544886201620102
     656.2394262841894488       1.0133824972435832
     656.2396264176118166       0.9565311446785927
     656.2398265510340707       0.9680732674896717
     656.2400266844563248       1.0612063407897949
     656.2402268178785789       0.8896905779838562
     656.2404269513009467       0.9984946449985728
     656.2406270847232008       1.0339875891804695
     656.2408272181454549       0.9184377640485764
     656.2410273515677090       0.9918655240908265
     656.2412274849900768       1.0155883524566889
     656.2414276184123310       0.8738335818052292
     656.2416277518345851       1.0706511959433556
     656.2418278852568392       0.9879480237141252
     656.2420280186792070       1.0071331658400595
     656.2422281521014611       1.0004691192007158
     656.2424282855237152       1.0372583381831646
     656.2426284189459693       0.8986353650689125
     656.2428285523683371       0.9465738125145435
     656.2430286857905912       0.9523288607597351
     656.2432288192128453       0.9645388312637806
     656.2434289526350994       0.9415519349277020
     656.2436290860574672       1.0132567202672362
     656.2438292194797214       1.0870582088828087
     656.2440293529019755       1.0066942996345460
     656.2442294863242296       0.9746068418025970
     656.2444296197464837       0.9018075689673424
     656.2446297531688515       1.0171684082597494
     656.2448298865911056       1.0231779329478741
     656.2450300200133597       0.9164268672466278
     656.2452301534356138       0.9973819165024906
     656.2454302868579816       0.9905900135636330
     656.2456304202802357       0.9708795808255672
     656.2458305537024899       0.8876206949353218
     656.2460306871247440       0.8783633112907410
     656.2462308205471118       0.9739699456840754
     656.2464309539693659       0.9861920876428485
     656.2466310873916200       0.9715753756463528
     656.2468312208138741       1.1001020446419716
     656.2470313542362419       0.9738911241292953
     656.2472314876584960       0.9734815917909145
     656.2474316210807501       0.9701556880027056
     656.2476317545030042       1.0023747475352138
     656.2478318879253720       0.9207737594842911
     656.2480320213476261       1.0200258046388626
     656.2482321547698803       0.8964380845427513
     656.2484322881921344       1.0016592147294432
     656.2486324216145022       0.9609243459999561
     656.2488325550367563       1.0276513006538153
     656.2490326884590104       1.1005822941660881
     656.2492328218812645       1.0022717760875821
     656.2494329553035186       0.9995289953949396
     656.2496330887258864       0.9581086896359921
     656.2498332221481405       1.0386359244585037
     656.2500333555703946       0.9740357492119074
     656.2502334889926487       0.9549715816974640
     656.2504336224150165       1.0797693505883217
     656.2506337558372707       0.9661436155438423
     656.2508338892595248       0.9698132667690516
     656.2510340226817789       1.0263997074216604
     656.2512341561041467       1.0078272866085172
     656.2514342895264008       1.0033972919918597
     656.2516344229486549       1.0474177338182926
     656.2518345563709090       0.9560391046106815
     656.2520346897932768       0.9949108227156103
     656.2522348232155309       0.9970802646130323
     656.2524349566377850       1.0852827653288841
     656.2526350900600391       0.9535399414598942
     656.2528352234824069       1.0137051213532686
     656.2530353569046611       0.9861879423260689
     656.2532354903269152       0.9530616439878941
     656.2534356237491693       1.0081747770309448
     656.2536357571715371       1.0491413585841656
     656.2538358905937912       0.9906660970300436
     656.2540360240160453       1.0050650765188038
     656.2542361574382994       0.9540532194077969
     656.2544362908606672       0.9719269741326571
     656.2546364242829213       0.9520271830260754
     656.2548365577051754       0.9606268033385277
     656.2550366911274295       0.9899992151185870
     656.2552368245496837       0.9204576015472412
     656.2554369579720515       1.0103834997862577
     656.2556370913943056       1.0621998570859432
     656.2558372248165597       0.9930581641383469
     656.2560373582388138       1.0351236015558243
     656.2562374916611816       0.9804776087403297
     656.2564376250834357       1.0600391030311584
     656.2566377585056898       0.8806675300002098
     656.2568378919279439       1.0355860181152821
     656.2570380253503117       0.9140694811940193
     656.2572381587725658       0.9411136321723461
     656.2574382921948200       1.0365355722606182
     656.2576384256170741       1.0466180257499218
     656.2578385590394419       0.9814392998814583
     656.2580386924616960       1.0277299769222736
     656.2582388258839501       0.9546575248241425
     656.2584389593062042       0.9193565025925636
     656.2586390927285720       1.0352689065039158
     656.2588392261508261       0.9844032004475594
     656.2590393595730802       1.0574229359626770
     656.2592394929953343       0.9870762089267373
     656.2594396264177021       1.0433878339827061
     656.2596397598399562       0.8992905691266060
     656.2598398932622104       0.9577819332480431
     656.2600400266844645       0.9385354407131672
     656.2602401601067186       1.0467771701514721
     656.2604402935290864       0.9752466715872288
     656.2606404269513405       1.0124687729403377
     656.2608405603735946       0.9156930819153786
     656.2610406937958487       1.0432465225458145
     656.2612408272182165       1.0071308808401227
     656.2614409606404706       1.0224813725799322
     656.2616410940627247       1.1305767297744751
     656.2618412274849788       0.9578559100627899
     656.2620413609073466       0.9872411983087659
     656.2622414943296008       1.0002330784773221
     656.2624416277518549       0.9234507009387016
     656.2626417611741090       0.9877303736284375
     656.2628418945964768       0.8966168016195297
     656.2630420280187309       1.0413140878081322
     656.2632421614409850       0.9670789875090122
     656.2634422948632391       1.0424467697739601
     656.2636424282856069       1.1097222566604614
     656.2638425617078610       0.9279521405696869
     656.2640426951301151       1.0262498054653406
     656.2642428285523692       1.0191417541354895
     656.2644429619747370       1.0361581295728683
     656.2646430953969912       1.0942204818129539
     656.2648432288192453       1.0172122921794653
     656.2650433622414994       1.0770594626665115
     656.2652434956638672       0.9576979242265224
     656.2654436290861213       1.1425020992755890
     656.2656437625083754       1.0045801475644112
     656.2658438959306295       1.0544130988419056
     656.2660440293528836       0.9793886560946703
     656.2662441627752514       1.0363304875791073
     656.2664442961975055       0.9840987585484982
     656.2666444296197596       0.9620352387428284
     656.2668445630420138       1.0060386485420167
     656.2670446964643816       0.9740475118160248
     656.2672448298866357       0.9981530752265826
     656.2674449633088898       0.9657834358513355
     656.2676450967311439       1.0939754098653793
     656.2678452301535117       1.1527257114648819
     656.2680453635757658       0.9222438856959343
     656.2682454969980199       1.0230927746742964
     656.2684456304202740       1.0768512412905693
     656.2686457638426418       0.9908010410144925
     656.2688458972648959       1.0520833618938923
     656.2690460306871501       0.9985120110213757
     656.2692461641094042       0.9164754301309586
     656.2694462975317720       0.9377054572105408
     656.2696464309540261       1.0683365985751152
     656.2698465643762802       1.0282697435468435
     656.2700466977985343       0.9563119560480118
     656.2702468312209021       1.0422624759376049
     656.2704469646431562       0.9372201189398766
     656.2706470980654103       0.9824843425303698
     656.2708472314876644       0.9761578124016523
     656.2710473649099185       0.9586109854280949
     656.2712474983322863       1.0008833555621095
     656.2714476317545405       0.9672560319304466
     656.2716477651767946       1.0587195158004761
     656.2718478985990487       1.0531248934566975
     656.2720480320214165       0.9638712890446186
     656.2722481654436706       1.0061981403268874
     656.2724482988659247       1.0003695504565258
     656.2726484322881788       1.0030497857369483
     656.2728485657105466       0.9458473064005375
     656.2730486991328007       1.0081431111320853
     656.2732488325550548       1.0007021020865068
     656.2734489659773089       0.9944879841059446
     656.2736490993996767       1.0377237051725388
     656.2738492328219309       1.0405858308076859
     656.2740493662441850       1.0849186033010483
     656.2742494996664391       1.1019992157816887
     656.2744496330888069       0.9567230455577374
     656.2746497665110610       1.0634739696979523
     656.2748498999333151       1.0042158323340118
     656.2750500333555692       1.0275538004934788
     656.2752501667779370       1.0493415854871273
     656.2754503002001911       1.0691697075963020
     656.2756504336224452       1.0010459147160873
     656.2758505670446993       0.9806660413742065
     656.2760507004670671       1.0269580874592066
     656.2762508338893213       1.0134712336584926
     656.2764509673115754       1.0357576645910740
     656.2766511007338295       1.0270761102437973
     656.2768512341560836       0.9290008768439293
     656.2770513675784514       1.0449402369558811
     656.2772515010007055       1.0607039332389832
     656.2774516344229596       1.0206485707312822
     656.2776517678452137       1.0510567910969257
     656.2778519012675815       0.9823168050497770
     656.2780520346898356       0.9838615972548723
     656.2782521681120897       0.9219384863972664
     656.2784523015343439       0.9867229759693146
     656.2786524349567117       1.0718396678566933
     656.2788525683789658       1.0995012149214745
     656.2790527018012199       0.9464226178824902
     656.2792528352234740       1.0909128412604332
     656.2794529686458418       1.0044510853476822
     656.2796531020680959       1.0099002076312900
     656.2798532354903500       0.9814841244369745
     656.2800533689126041       1.0259385555982590
     656.2802535023349719       0.9890082683414221
     656.2804536357572260       0.9946866692043841
     656.2806537691794802       0.9918876802548766
     656.2808539026017343       1.0663906484842300
     656.2810540360241021       0.9779870864003897
     656.2812541694463562       1.0186977293342352
     656.2814543028686103       1.1331239491701126
     656.2816544362908644       1.0143636735156178
     656.2818545697131185       1.0407864600419998
     656.2820547031354863       0.8696101605892181
     656.2822548365577404       1.0654574930667877
     656.2824549699799945       1.0518732629716396
     656.2826551034022486       0.9869162971153855
     656.2828552368246164       1.0518797039985657
     656.2830553702468706       0.9300705119967461
     656.2832555036691247       1.1071133017539978
     656.2834556370913788       1.1053988113999367
     656.2836557705137466       0.9812347423285246
     656.2838559039360007       1.0262406971305609
     656.2840560373582548       0.9707347359508276
     656.2842561707805089       1.0341814085841179
     656.2844563042028767       0.9670473486185074
     656.2846564376251308       0.9998611846676795
     656.2848565710473849       1.1263975352048874
     656.2850567044696390       1.0848373770713806
     656.2852568378920068       1.1096616983413696
     656.2854569713142610       0.9678165875375271
     656.2856571047365151       0.9795003328472376
     656.2858572381587692       0.9836243018507957
     656.2860573715811370       0.9875202681869268
     656.2862575050033911       0.9737431351095438
     656.2864576384256452       1.0224366914480925
     656.2866577718478993       1.0002044980501523
     656.2868579052702671       1.1639937460422516
     656.2870580386925212       0.9216980412602425
     656.2872581721147753       0.9906903030350804
     656.2874583055370294       1.0794942602515221
     656.2876584389592836       0.9435573853552341
     656.2878585723816514       0.9402030631899834
     656.2880587058039055       1.0266884919255972
     656.2882588392261596       0.9945401498116553
     656.2884589726484137       1.0279307272285223
     656.2886591060707815       0.9351973980665207
     656.2888592394930356       0.9520450495183468
     656.2890593729152897       1.0505282990634441
     656.2892595063375438       0.9883890952914953
     656.2894596397599116       0.9928994923830032
     656.2896597731821657       0.9852968603372574
     656.2898599066044198       0.9815102573484182
     656.2900600400266740       1.0305588692426682
     656.2902601734490418       0.9483487308025360
     656.2904603068712959       1.0175028070807457
     656.2906604402935500       0.9108499512076378
     656.2908605737158041       1.0553212463855743
     656.2910607071381719       0.9632530584931374
     656.2912608405604260       0.9382385648787022
     656.2914609739826801       0.9243290722370148
     656.2916611074049342       0.9801276978105307
     656.2918612408273020       0.9723675847053528
     656.2920613742495561       1.0081270365044475
     656.2922615076718103       1.0735524594783783
     656.2924616410940644       0.9847427876666188
     656.2926617745164322       1.1092812940478325
     656.2928619079386863       1.0823543742299080
     656.2930620413609404       1.0369880199432373
     656.2932621747831945       1.0330967344343662
     656.2934623082054486       0.9747160524129868
     656.2936624416278164       1.0311305169016123
     656.2938625750500705       1.0375031493604183
     656.2940627084723246       1.0021355717908591
     656.2942628418945787       1.0318124964833260
     656.2944629753169465       0.9968122374266386
     656.2946631087392007       0.9867169288918376
     656.2948632421614548       1.0722511634230614
     656.2950633755837089       0.9932994623668492
     656.2952635090060767       1.0028500400949270
     656.2954636424283308       1.0547397136688232
     656.2956637758505849       1.1019250154495239
     656.2958639092728390       0.9280482903122902
     656.2960640426952068       1.0028208880685270
     656.2962641761174609       1.0035221599973738
     656.2964643095397150       1.0106924716383219
     656.2966644429619691       0.9312836006283760
     656.2968645763843369       0.9570289961993694
     656.2970647098065911       1.0635706409811974
     656.2972648432288452       0.9158950448036194
     656.2974649766510993       1.0782777592539787
     656.2976651100734671       0.9385508522391319
     656.2978652434957212       1.0094515085220337
     656.2980653769179753       1.0600478462874889
     656.2982655103402294       0.9835863523185253
     656.2984656437624835       0.9993786449776962
     656.2986657771848513       0.9126483500003815
     656.2988659106071054       1.0205224473029375
     656.2990660440293595       0.9684234298765659
     656.2992661774516137       1.0067440490238369
     656.2994663108739815       1.0075135263614357
     656.2996664442962356       0.9797154199331999
     656.2998665777184897       1.0008895376813598
     656.3000667111407438       1.0278389304876328
     656.3002668445631116       0.9970533251762390
     656.3004669779853657       0.8997068628668785
     656.3006671114076198       0.8971954211592674
     656.3008672448298739       0.9766909684985876
     656.3010673782522417       0.9939413857646286
     656.3012675116744958       0.9563779123127460
     656.3014676450967499       0.9653048105537891
     656.3016677785190041       1.0048605231568217
     656.3018679119413719       0.9597064256668091
     656.3020680453636260       1.0269639920443296
     656.3022681787858801       1.0999306812882423
     656.3024683122081342       1.0283371750265360
     656.3026684456305020       0.9243713393807411
     656.3028685790527561       0.9509348273277283
     656.3030687124750102       1.0261317137628794
     656.3032688458972643       1.0558370016515255
     656.3034689793196321       0.9764995630830526
     656.3036691127418862       1.0046185757964849
     656.3038692461641403       1.0823928713798523
     656.3040693795863945       1.0504259243607521
     656.3042695130086486       1.0228782277554274
     656.3044696464310164       0.9452147707343102
     656.3046697798532705       1.0075030252337456
     656.3048699132755246       0.9480112679302692
     656.3050700466977787       1.0184359699487686
     656.3052701801201465       1.0657251924276352
     656.3054703135424006       1.0502323471009731
     656.3056704469646547       0.9806017931550741
     656.3058705803869088       1.0130037339404225
     656.3060707138092766       1.1014633178710938
     656.3062708472315308       0.9812558367848396
     656.3064709806537849       1.0042151119560003
     656.3066711140760390       1.0265649408102036
     656.3068712474984068       1.0860941931605339
     656.3070713809206609       0.9752150811254978
     656.3072715143429150       0.9828967973589897
     656.3074716477651691       0.9764130357652903
     656.3076717811875369       0.9387131519615650
     656.3078719146097910       0.9645054377615452
     656.3080720480320451       0.9932763711549342
     656.3082721814542992       1.0163142662495375
     656.3084723148766670       0.9541347101330757
     656.3086724482989212       1.0399213582277298
     656.3088725817211753       1.0394633710384369
     656.3090727151434294       0.9701028615236282
     656.3092728485656835       1.0310349818319082
     656.3094729819880513       1.0586045347154140
     656.3096731154103054       0.9785481709986925
     656.3098732488325595       1.0514572821557522
     656.3100733822548136       0.9552973583340645
     656.3102735156771814       1.0189155619591475
     656.3104736490994355       1.0132683161646128
     656.3106737825216896       0.9721891749650240
     656.3108739159439438       0.9561590142548084
     656.3110740493663116       1.0174486581236124
     656.3112741827885657       0.9390972778201103
     656.3114743162108198       0.9958425536751747
     656.3116744496330739       1.0013485703384504
     656.3118745830554417       0.9157502353191376
     656.3120747164776958       0.9472862072288990
     656.3122748498999499       1.0114226071164012
     656.3124749833222040       0.9588204585015774
     656.3126751167445718       0.9503844715654850
     656.3128752501668259       1.0289722718298435
     656.3130753835890800       0.8868468403816223
     656.3132755170113342       1.0200803410261869
     656.3134756504337020       1.0120361018925905
     656.3136757838559561       1.0568254292011261
     656.3138759172782102       0.9913140097633004
     656.3140760507004643       0.9726536367088556
     656.3142761841228321       1.0130221499130130
     656.3144763175450862       1.0170908309519291
     656.3146764509673403       0.9245049208402634
     656.3148765843895944       0.9455053247511387
     656.3150767178118485       1.0848155319690704
     656.3152768512342163       0.9894114881753922
     656.3154769846564704       0.9800485689193010
     656.3156771180787246       1.0092089502140880
     656.3158772515009787       1.0193771850317717
     656.3160773849233465       0.9822480566799641
     656.3162775183456006       0.9727862421423197
     656.3164776517678547       1.0653439536690712
     656.3166777851901088       0.9902073228731751
     656.3168779186124766       1.0307688415050507
     656.3170780520347307       1.0000905920460355
     656.3172781854569848       1.1262525171041489
     656.3174783188792389       1.0848407968878746
     656.3176784523016067       1.0681559666991234
     656.3178785857238609       1.1093683019280434
     656.3180787191461150       0.8804334998130798
     656.3182788525683691       0.9839864615350962
     656.3184789859907369       1.0324473045766354
     656.3186791194129910       0.9444463551044464
     656.3188792528352451       1.0063463039696217
     656.3190793862574992       0.9405884929001331
     656.3192795196798670       1.0093613043427467
     656.3194796531021211       1.0262591745704412
     656.3196797865243752       0.9534874260425568
     656.3198799199466293       0.9636256732046604
     656.3200800533688835       0.9587401337921619
     656.3202801867912513       0.9660681299865246
     656.3204803202135054       0.9859039494767785
     656.3206804536357595       1.0641445741057396
     656.3208805870580136       1.0516152642667294
     656.3210807204803814       1.0533337593078613
     656.3212808539026355       1.0166788883507252
     656.3214809873248896       0.9595138616859913
     656.3216811207471437       1.0070179901085794
     656.3218812541695115       1.0062482724897563
     656.3220813875917656       0.8959704414010048
     656.3222815210140197       0.9531088098883629
     656.3224816544362739       1.0294769797474146
     656.3226817878586417       0.9804663751274347
     656.3228819212808958       0.9673471003770828
     656.3230820547031499       0.9387134909629822
     656.3232821881254040       0.9330955594778061
     656.3234823215477718       1.0068609598092735
     656.3236824549700259       1.0428759604692459
     656.3238825883922800       0.9373303502798080
     656.3240827218145341       0.8993236646056175
     656.3242828552369019       1.0672864541411400
     656.3244829886591560       1.0162546932697296
     656.3246831220814101       1.0984928309917450
     656.3248832555036643       0.8917569518089294
     656.3250833889260321       0.9765859507024288
     656.3252835223482862       1.0017476415960118
     656.3254836557705403       0.9911340642720461
     656.3256837891927944       1.0086130322888494
     656.3258839226150485       0.9643398113548756
     656.3260840560374163       1.0558951161801815
     656.3262841894596704       0.9854383915662766
     656.3264843228819245       0.8884815946221352
     656.3266844563041786       1.0193003118038177
     656.3268845897265464       0.9897174239158630
     656.3270847231488005       0.9794635791331530
     656.3272848565710547       0.9324504509568214
     656.3274849899933088       1.0080830287188292
     656.3276851234156766       1.0327068604528904
     656.3278852568379307       1.0249510146677494
     656.3280853902601848       1.0036171115934849
     656.3282855236824389       0.9523969441652298
     656.3284856571048067       1.0236062481999397
     656.3286857905270608       1.0951754972338676
     656.3288859239493149       0.9818587973713875
     656.3290860573715690       1.0126772969961166
     656.3292861907939368       0.9498053006827831
     656.3294863242161910       0.9004452154040337
     656.3296864576384451       0.9748294707387686
     656.3298865910606992       1.0005082078860141
     656.3300867244830670       0.8993243426084518
     656.3302868579053211       0.9130373299121857
     656.3304869913275752       0.9406715072691441
     656.3306871247498293       1.0384839624166489
     656.3308872581721971       1.0705142170190811
     656.3310873915944512       0.9174873381853104
     656.3312875250167053       1.0183348339051008
     656.3314876584389594       0.9788938444107771
     656.3316877918612136       1.0629483684897423
     656.3318879252835814       1.0009401617571712
     656.3320880587058355       1.0197558663785458
     656.3322881921280896       0.9788440205156803
     656.3324883255503437       0.9903266616165638
     656.3326884589727115       0.9649186134338379
     656.3328885923949656       0.9796868581324816
     656.3330887258172197       1.0572637803852558
     656.3332888592394738       0.9919442143291235
     656.3334889926618416       1.0326880924403667
     656.3336891260840957       1.0476773306727409
     656.3338892595063498       0.9846367212012410
     656.3340893929286040       0.9845042675733566
     656.3342895263509718       1.0491190664470196
     656.3344896597732259       0.9867480620741844
     656.3346897931954800       0.9418404325842857
     656.3348899266177341       0.9052017629146576
     656.3350900600401019       0.8749537020921707
     656.3352901934623560       1.0151180913671851
     656.3354903268846101       0.9154792502522469
     656.3356904603068642       1.1600991189479828
     656.3358905937292320       0.9323997423052788
     656.3360907271514861       1.0045491103082895
     656.3362908605737402       0.9555426165461540
     656.3364909939959944       1.0321528725326061
     656.3366911274182485       0.9619532115757465
     656.3368912608406163       0.9733025096356869
     656.3370913942628704       0.9803258180618286
     656.3372915276851245       1.0868140161037445
     656.3374916611073786       1.0104547385126352
     656.3376917945297464       1.0152111789211631
     656.3378919279520005       0.9949803058989346
     656.3380920613742546       0.9569092728197575
     656.3382921947965087       0.9447511434555054
     656.3384923282188765       0.9189852699637413
     656.3386924616411306       1.0244945734739304
     656.3388925950633848       1.0711430162191391
     656.3390927284856389       1.0171749684959650
     656.3392928619080067       1.0838079750537872
     656.3394929953302608       1.1041484996676445
     656.3396931287525149       0.9675865545868874
     656.3398932621747690       0.9682174175977707
     656.3400933955971368       0.9405463449656963
     656.3402935290193909       0.9921776978299022
     656.3404936624416450       1.0619604103267193
     656.3406937958638991       1.0010798380244523
     656.3408939292862669       1.0272364225238562
     656.3410940627085211       0.9066630899906158
     656.3412941961307752       1.0034316671080887
     656.3414943295530293       1.0725943148136139
     656.3416944629753971       1.0327466055750847
     656.3418945963976512       0.9706582520157099
     656.3420947298199053       0.9140455275774002
     656.3422948632421594       1.0800362899899483
     656.3424949966644135       0.8917936682701111
     656.3426951300867813       1.0589853711426258
     656.3428952635090354       1.0428558029234409
     656.3430953969312895       0.9832725785672665
     656.3432955303535437       1.0014238179428503
     656.3434956637759115       1.0181996002793312
     656.3436957971981656       1.0517156310379505
     656.3438959306204197       1.0526215434074402
     656.3440960640426738       0.9981797558721155
     656.3442961974650416       1.0147933317348361
     656.3444963308872957       0.9550765715539455
     656.3446964643095498       0.9978098201099783
     656.3448965977318039       1.0524169504642487
     656.3450967311541717       1.0590369515120983
     656.3452968645764258       1.0223526153713465
     656.3454969979986799       0.9508699662983418
     656.3456971314209341       1.0256943497806787
     656.3458972648433019       1.0228290706872940
     656.3460973982655560       0.9472842514514923
     656.3462975316878101       1.0390415079891682
     656.3464976651100642       0.9786214772611856
     656.3466977985324320       0.9407226964831352
     656.3468979319546861       1.0014432336902246
     656.3470980653769402       0.9397189021110535
     656.3472981987991943       1.1318549960851669
     656.3474983322214484       0.9955774913541973
     656.3476984656438162       0.8910477980971336
     656.3478985990660703       0.9175886958837509
     656.3480987324883245       1.0427600517868996
     656.3482988659105786       1.0146503690630198
     656.3484989993329464       0.9917917996644974
     656.3486991327552005       1.0828887447714806
     656.3488992661774546       0.9646997898817062
     656.3490993995997087       1.0598110072314739
     656.3492995330220765       1.0489710420370102
     656.3494996664443306       0.9783857706934214
     656.3496997998665847       0.9774147253483534
     656.3498999332888388       1.0752993747591972
     656.3501000667112066       0.9936083643697202
     656.3503002001334607       0.9775436222553253
     656.3505003335557149       1.0521266236901283
     656.3507004669779690       0.9624545648694038
     656.3509006004003368       0.9308875724673271
     656.3511007338225909       1.0655404776334763
     656.3513008672448450       1.0744145959615707
     656.3515010006670991       1.0846170932054520
     656.3517011340894669       1.0221986714750528
     656.3519012675117210       1.0032291412353516
     656.3521014009339751       0.9492195174098015
     656.3523015343562292       1.0848826095461845
     656.3525016677785970       1.0955596044659615
     656.3527018012008512       1.0320507138967514
     656.3529019346231053       1.0240937527269125
     656.3531020680453594       0.9773168023675680
     656.3533022014676135       1.0442327857017517
     656.3535023348899813       0.9865782763808966
     656.3537024683122354       1.0795913115143776
     656.3539026017344895       0.9671694226562977
     656.3541027351567436       1.0067041888833046
     656.3543028685791114       1.0384159795939922
     656.3545030020013655       1.0950494855642319
     656.3547031354236196       1.0478730127215385
     656.3549032688458738       1.0111556509509683
     656.3551034022682416       0.9501117654144764
     656.3553035356904957       0.9197244495153427
     656.3555036691127498       1.0859105661511421
     656.3557038025350039       1.0057711154222488
     656.3559039359573717       1.0440279617905617
     656.3561040693796258       0.9526028595864773
     656.3563042028018799       1.0153998779132962
     656.3565043362241340       0.8665529638528824
     656.3567044696465018       0.8853263035416603
     656.3569046030687559       0.9735383056104183
     656.3571047364910100       1.0084541207179427
     656.3573048699132642       1.0998617634177208
     656.3575050033356320       0.9707302097231150
     656.3577051367578861       1.0828205719590187
     656.3579052701801402       1.1210558935999870
     656.3581054036023943       0.9097295328974724
     656.3583055370246484       0.9736531246453524
     656.3585056704470162       0.9772289544343948
     656.3587058038692703       0.9928931035101414
     656.3589059372915244       1.0203579161316156
     656.3591060707137785       1.0146333621814847
     656.3593062041361463       1.0279196836054325
     656.3595063375584004       0.9862831709906459
     656.3597064709806546       0.9915140951052308
     656.3599066044029087       1.0221547260880470
     656.3601067378252765       1.0106527199968696
     656.3603068712475306       0.9101379886269569
     656.3605070046697847       1.0306778084486723
     656.3607071380920388       0.9733379352837801
     656.3609072715144066       0.9461134076118469
     656.3611074049366607       1.0101179322227836
     656.3613075383589148       0.9193900525569916
     656.3615076717811689       1.0017346142558381
     656.3617078052035367       1.0711160972714424
     656.3619079386257908       0.9806402623653412
     656.3621080720480450       0.9566836804151535
     656.3623082054702991       0.8979623913764954
     656.3625083388926669       1.0099183265119791
     656.3627084723149210       0.9537045545876026
     656.3629086057371751       1.0259835328906775
     656.3631087391594292       0.9971558304969221
     656.3633088725817970       1.0576622001826763
     656.3635090060040511       1.0554905124008656
     656.3637091394263052       0.9987932263175026
     656.3639092728485593       1.0624908097088337
     656.3641094062708135       1.0100143728777766
     656.3643095396931813       1.1168874427676201
     656.3645096731154354       0.9434246420860291
     656.3647098065376895       0.9738304428756237
     656.3649099399599436       0.9962315114680678
     656.3651100733823114       0.9611231721937656
     656.3653102068045655       0.9481248781085014
     656.3655103402268196       1.0648792907595634
     656.3657104736490737       1.0467327795922756
     656.3659106070714415       1.0410379804670811
     656.3661107404936956       1.0111942905932665
     656.3663108739159497       0.9829211104661226
     656.3665110073382039       1.0068947174586356
     656.3667111407605717       1.0637788921594620
     656.3669112741828258       0.9826571010053158
     656.3671114076050799       0.9568157792091370
     656.3673115410273340       1.0352356396615505
     656.3675116744497018       1.0378147065639496
     656.3677118078719559       1.0361249111592770
     656.3679119412942100       0.9812464732676744
     656.3681120747164641       0.9937907196581364
     656.3683122081388319       1.0080114966258407
     656.3685123415610860       1.0288313180208206
     656.3687124749833401       0.8934554234147072
     656.3689126084055943       1.0530104711651802
     656.3691127418278484       1.0144548034295440
     656.3693128752502162       0.9830813296139240
     656.3695130086724703       0.9730724859982729
     656.3697131420947244       0.9427566640079021
     656.3699132755169785       1.0141828432679176
     656.3701134089393463       0.9747993201017380
     656.3703135423616004       0.9549292586743832
     656.3705136757838545       1.0312208291143179
     656.3707138092061086       1.0255894251167774
     656.3709139426284764       0.9865758121013640
     656.3711140760507305       0.9514426961541175
     656.3713142094729847       0.9135030731558798
     656.3715143428952388       0.9950530938804146
     656.3717144763176066       0.9679034277796740
     656.3719146097398607       1.0089090494438997
     656.3721147431621148       0.9684012271463860
     656.3723148765843689       0.9683544859290105
     656.3725150100067367       0.9523796327412103
     656.3727151434289908       0.9271472170948943
     656.3729152768512449       1.0681948959827365
     656.3731154102734990       0.9524526186287318
     656.3733155436958668       1.0440175309777135
     656.3735156771181209       0.9352480992674642
     656.3737158105403751       1.0398181863128866
     656.3739159439626292       1.0479429326951104
     656.3741160773849970       0.9921175250782975
     656.3743162108072511       1.0767205879091359
     656.3745163442295052       1.0544873960314933
     656.3747164776517593       0.9755323845891328
     656.3749166110740134       1.0336040668186892
     656.3751167444963812       0.9557616226371296
     656.3753168779186353       1.0225240495050423
     656.3755170113408894       0.9877384128041116
     656.3757171447631436       0.9518176503468142
     656.3759172781855113       1.0326945260150890
     656.3761174116077655       1.0004791777732418
     656.3763175450300196       1.0027355465539305
     656.3765176784522737       1.0214076749933527
     656.3767178118746415       0.9726913925193800
     656.3769179452968956       1.0418441332782655
     656.3771180787191497       1.0648199245201064
     656.3773182121414038       0.8528546839765920
     656.3775183455637716       1.0645754039025792
     656.3777184789860257       0.9451532065501959
     656.3779186124082798       1.0540797896171603
     656.3781187458305340       1.0140017708050930
     656.3783188792529018       0.9967940367234007
     656.3785190126751559       1.0921298785625952
     656.3787191460974100       0.9962135998498474
     656.3789192795196641       0.9996583735341991
     656.3791194129420319       1.0156766116747873
     656.3793195463642860       1.0709097380472081
     656.3795196797865401       1.0737271078628452
     656.3797198132087942       0.9477179339249907
     656.3799199466311620       1.0172955437116955
     656.3801200800534161       1.0664859024519766
     656.3803202134756702       1.0061416705318025
     656.3805203468979244       1.0505605085260543
     656.3807204803201785       0.9448660905284774
     656.3809206137425463       1.0283723361056998
     656.3811207471648004       0.9924733898097919
     656.3813208805870545       0.9805904487977883
     656.3815210140093086       1.0056568765425418
     656.3817211474316764       1.0427789209511649
     656.3819212808539305       0.9317729084286848
     656.3821214142761846       1.0087805184422882
     656.3823215476984387       0.9913906696468852
     656.3825216811208065       0.9298007232911162
     656.3827218145430606       1.1132484691933411
     656.3829219479653148       0.9257341190596331
     656.3831220813875689       0.9734166711129192
     656.3833222148099367       1.0070416811567700
     656.3835223482321908       1.0203413798356080
     656.3837224816544449       1.0393115620320850
     656.3839226150766990       1.0995906451971744
     656.3841227484990668       0.9475804056997700
     656.3843228819213209       1.0132200339107114
     656.3845230153435750       0.9438196571950013
     656.3847231487658291       0.9302083671150818
     656.3849232821881969       1.0026120870826147
     656.3851234156104510       1.0727933015631994
     656.3853235490327052       0.9630995136666202
     656.3855236824549593       0.9893481442132708
     656.3857238158772134       1.0245179157079565
     656.3859239492995812       1.0520540266762743
     656.3861240827218353       0.9575258571397808
     656.3863242161440894       1.0041259638169995
     656.3865243495663435       0.9681212145451026
     656.3867244829887113       0.9933733455557507
     656.3869246164109654       0.9522089311328104
     656.3871247498332195       0.9882670663613080
     656.3873248832554737       0.9970104883988267
     656.3875250166778414       0.9486768167303337
     656.3877251501000956       0.9830486716963138
     656.3879252835223497       1.0194605202975233
     656.3881254169446038       0.9559129572128989
     656.3883255503669716       1.0853789117373331
     656.3885256837892257       1.0614748055734580
     656.3887258172114798       0.9464280756088316
     656.3889259506337339       0.9895290118652432
     656.3891260840561017       0.9910602129317209
     656.3893262174783558       0.9369891804947830
     656.3895263509006099       0.9866525561061482
     656.3897264843228641       1.0371526093600369
     656.3899266177452319       0.9475435152827416
     656.3901267511674860       1.0072878541872998
     656.3903268845897401       0.9058373470820866
     656.3905270180119942       0.9590276287884304
     656.3907271514343620       1.0203251181055846
     656.3909272848566161       0.9665283328711870
     656.3911274182788702       1.0286256083922929
     656.3913275517011243       1.0090845078785977
     656.3915276851233784       1.0414865421071668
     656.3917278185457462       0.9912293864055541
     656.3919279519680003       0.9013619863411300
     656.3921280853902545       1.0227152926211021
     656.3923282188125086       0.9986015637149991
     656.3925283522348764       0.9473496771200307
     656.3927284856571305       1.0122956467128508
     656.3929286190793846       1.0060167869085967
     656.3931287525016387       1.0224115709915527
     656.3933288859240065       1.0200125270602027
     656.3935290193462606       1.0042470342803731
     656.3937291527685147       0.9803140275453955
     656.3939292861907688       0.9985131024503824
     656.3941294196131366       0.9335130768159523
     656.3943295530353907       0.9953293205979294
     656.3945296864576449       0.9870540993685444
     656.3947298198798990       0.9849789029577503
     656.3949299533022668       0.9098381207833893
     656.3951300867245209       1.0390790822958054
     656.3953302201467750       0.9986130997932378
     656.3955303535690291       0.9053465839227721
     656.3957304869913969       0.9650907197682763
     656.3959306204136510       0.9423717759612126
     656.3961307538359051       0.9351100086019319
     656.3963308872581592       0.9236002937664352
     656.3965310206804133       1.0062686561233827
     656.3967311541027811       0.9812375867751315
     656.3969312875250353       1.0126611954340514
     656.3971314209472894       0.9190207684717200
     656.3973315543695435       0.9424919058254889
     656.3975316877919113       0.9828147395407356
     656.3977318212141654       0.9896603398591332
     656.3979319546364195       0.9267409119515817
     656.3981320880586736       1.0120159749699944
     656.3983322214810414       0.8547124538606665
     656.3985323549032955       0.8926815132990655
     656.3987324883255496       0.8887339194469517
     656.3989326217478038       0.9006508771114707
     656.3991327551701715       0.8866148017737153
     656.3993328885924257       0.8991047653075065
     656.3995330220146798       0.8462280486585427
     656.3997331554369339       0.9626062599998554
     656.3999332888593017       0.9181384557438659
     656.4001334222815558       0.9016951321680736
     656.4003335557038099       0.9042362999039159
     656.4005336891260640       0.8523458111894788
     656.4007338225484318       0.8952333896363082
     656.4009339559706859       0.8712915196405956
     656.4011340893929400       0.8389128211442323
     656.4013342228151942       0.8884892681615113
     656.4015343562375620       0.7949797778350659
     656.4017344896598161       0.8187355147997446
     656.4019346230820702       0.7748902546411347
     656.4021347565043243       0.7633716042012888
     656.4023348899265784       0.8286571730750090
     656.4025350233489462       0.8481619803882861
     656.4027351567712003       0.8011744176066077
     656.4029352901934544       0.8343163037291272
     656.4031354236157085       0.8083827177385504
     656.4033355570380763       0.8858356447778986
     656.4035356904603304       0.7234485687220021
     656.4037358238825846       0.7904773285388987
     656.4039359573048387       0.7854012942506616
     656.4041360907272065       0.8555735515341758
     656.4043362241494606       0.7645116576102953
     656.4045363575717147       0.8981505598053694
     656.4047364909939688       0.7594201682554378
     656.4049366244163366       0.7451530932972967
     656.4051367578385907       0.8432877427047026
     656.4053368912608448       0.7729303512075979
     656.4055370246830989       0.7151992577432364
     656.4057371581054667       0.8318613978257636
     656.4059372915277208       0.8115613969196411
     656.4061374249499750       0.8583205984262201
     656.4063375583722291       0.8376159708654499
     656.4065376917945969       0.8262410016749764
     656.4067378252168510       0.8865660730017907
     656.4069379586391051       0.8014270272391907
     656.4071380920613592       0.8286327454183612
     656.4073382254836133       0.8151283476849313
     656.4075383589059811       0.8736499052338462
     656.4077384923282352       0.8332593457008891
     656.4079386257504893       0.8366056630323221
     656.4081387591727434       0.7848056670538928
     656.4083388925951112       0.9955422522702919
     656.4085390260173654       0.8498285471413518
     656.4087391594396195       0.8530573267213952
     656.4089392928618736       0.9387040572279559
     656.4091394262842414       0.8078250454378529
     656.4093395597064955       0.8349079084670594
     656.4095396931287496       0.9111233317662456
     656.4097398265510037       0.9089314527340598
     656.4099399599733715       0.9539633722718897
     656.4101400933956256       1.0203246168910509
     656.4103402268178797       1.0215348933116519
     656.4105403602401339       0.9359070089511936
     656.4107404936625016       1.0006165126322186
     656.4109406270847558       0.9388991164547048
     656.4111407605070099       0.9405179653779673
     656.4113408939292640       0.8625591811083839
     656.4115410273516318       0.8857820790970489
     656.4117411607738859       0.8778295035231737
     656.4119412941961400       0.9619756319132733
     656.4121414276183941       1.0054067042843631
     656.4123415610407619       0.9361458245629104
     656.4125416944630160       1.0382486860694118
     656.4127418278852701       1.0196795572131720
     656.4129419613075243       1.0072566399141540
     656.4131420947297784       1.0035134205229708
     656.4133422281521462       0.9440243843901033
     656.4135423615744003       0.9404525623330982
     656.4137424949966544       0.9547369930434000
     656.4139426284189085       0.9640454428749822
     656.4141427618412763       0.9941260288200249
     656.4143428952635304       0.9647350781954955
     656.4145430286857845       0.9819891176364812
     656.4147431621080386       1.0533527728509833
     656.4149432955304064       1.0638882800592593
     656.4151434289526605       1.0638773046111742
     656.4153435623749147       0.9483459891436712
     656.4155436957971688       0.9386655944051276
     656.4157438292195366       0.9318839067376208
     656.4159439626417907       1.0160709055530781
     656.4161440960640448       0.9386605800165818
     656.4163442294862989       0.9456196947828043
     656.4165443629086667       0.9814310431347588
     656.4167444963309208       0.9874504717690731
     656.4169446297531749       0.9077706481062247
     656.4171447631754290       1.0224402677980211
     656.4173448965977968       1.0123116604160660
     656.4175450300200509       1.0153530808841320
     656.4177451634423051       1.0204540364009915
     656.4179452968645592       0.9854267009178925
     656.4181454302869270       1.0868648519332518
     656.4183455637091811       0.9805741167606665
     656.4185456971314352       0.9672021356186732
     656.4187458305536893       1.0327092454937148
     656.4189459639759434       1.0233772587500811
     656.4191460973983112       1.0028541631754808
     656.4193462308205653       0.9919080555132137
     656.4195463642428194       1.0059517871239638
     656.4197464976650735       0.9563669606919638
     656.4199466310874413       1.0052837294282964
     656.4201467645096955       1.0252304315561789
     656.4203468979319496       1.0518809780436749
     656.4205470313542037       1.0134203948354967
     656.4207471647765715       0.9801591011619876
     656.4209472981988256       0.9302529187407078
     656.4211474316210797       1.0549220843528304
     656.4213475650433338       1.0057247627565200
     656.4215476984657016       0.9977601136417312
     656.4217478318879557       0.9361679715011846
     656.4219479653102098       0.8910043718715490
     656.4221480987324640       1.0260845098712696
     656.4223482321548317       0.9730912748514260
     656.4225483655770859       0.9971238744435489
     656.4227484989993400       1.0263997659929793
     656.4229486324215941       1.0743578001624692
     656.4231487658439619       0.9813776418643051
     656.4233488992662160       0.8902076970814957
     656.4235490326884701       0.9918291461174871
     656.4237491661107242       1.0236220013426651
     656.4239492995329783       1.0125582970571070
     656.4241494329553461       1.0840290324816602
     656.4243495663776002       1.0563156290753075
     656.4245496997998544       0.9571239355932891
     656.4247498332221085       0.9828093412407570
     656.4249499666444763       1.0191158509519331
     656.4251501000667304       0.9540615713790608
     656.4253502334889845       0.9103036600607697
     656.4255503669112386       0.9920872030423131
     656.4257505003336064       0.9797236561271314
     656.4259506337558605       1.0176180555915342
     656.4261507671781146       1.0504287874051652
     656.4263509006003687       0.9704631311046072
     656.4265510340227365       0.9525378771848978
     656.4267511674449906       0.9798206377976927
     656.4269513008672448       0.9234938182528063
     656.4271514342894989       1.1077290182144597
     656.4273515677118667       0.9792287669433233
     656.4275517011341208       1.0742788414840851
     656.4277518345563749       1.0355088283059044
     656.4279519679786290       0.9872891414793057
     656.4281521014009968       1.0212571327375120
     656.4283522348232509       0.9858336308017033
     656.4285523682455050       1.0317510710651905
     656.4287525016677591       0.9688351524548325
     656.4289526350901269       0.9469093404173362
     656.4291527685123810       0.9474950048892085
     656.4293529019346352       1.0740988171708490
     656.4295530353568893       1.0067542147311586
     656.4297531687791434       1.0245704404282148
     656.4299533022015112       1.0367052104806476
     656.4301534356237653       1.0034105838248928
     656.4303535690460194       0.9617347305796109
     656.4305537024682735       0.9482376872259252
     656.4307538358906413       0.9256016983692253
     656.4309539693128954       1.0016168886155761
     656.4311541027351495       0.9378350004094734
     656.4313542361574036       0.9281300976543930
     656.4315543695797714       0.9375984407726865
     656.4317545030020256       1.0208857338708555
     656.4319546364242797       0.9783291220546378
     656.4321547698465338       0.9846218870868699
     656.4323549032689016       0.9565020240783912
     656.4325550366911557       0.9747446831273894
     656.4327551701134098       0.9395414590806134
     656.4329553035356639       1.0731671452501630
     656.4331554369580317       1.0953710079178669
     656.4333555703802858       1.0147791197513392
     656.4335557038025399       0.9805539716028108
     656.4337558372247940       0.9752285741264713
     656.4339559706471618       0.9804756734516820
     656.4341561040694160       0.9613810516891530
     656.4343562374916701       1.0933354943989100
     656.4345563709139242       1.0623651035128918
     656.4347565043361783       1.0658768862485126
     656.4349566377585461       0.9236996993421990
     656.4351567711808002       0.9392093941568974
     656.4353569046030543       1.0026383067015319
     656.4355570380253084       0.9410781562328175
     656.4357571714476762       0.9691349025815614
     656.4359573048699303       0.9674844555556700
     656.4361574382921845       0.9944513333029995
     656.4363575717144386       0.9947357405908371
     656.4365577051368064       1.0192368216812588
     656.4367578385590605       1.0367152877151951
     656.4369579719813146       1.0623465590178958
     656.4371581054035687       0.9965651382226490
     656.4373582388259365       1.0561109557747836
     656.4375583722481906       1.0130062866955991
     656.4377585056704447       0.9777395781129596
     656.4379586390926988       1.0215325485914946
     656.4381587725150666       0.9481041058897971
     656.4383589059373207       1.0838378593325615
     656.4385590393595749       0.9344228133559227
     656.4387591727818290       0.9679423905909061
     656.4389593062041968       1.0661224722862244
     656.4391594396264509       1.0610772334039211
     656.4393595730487050       1.0070037068799138
     656.4395597064709591       0.9965191124938428
     656.4397598398933269       0.9458708688616753
     656.4399599733155810       1.0572111867368221
     656.4401601067378351       0.9888071594759822
     656.4403602401600892       1.0490474961698055
     656.4405603735823433       0.9983995563816279
     656.4407605070047111       0.9833566844463348
     656.4409606404269653       0.9597272425889969
     656.4411607738492194       1.0040221251547337
     656.4413609072714735       1.0414780192077160
     656.4415610406938413       0.9881939524784684
     656.4417611741160954       0.9899825574830174
     656.4419613075383495       1.0425225459039211
     656.4421614409606036       0.9981274278834462
     656.4423615743829714       1.0868142247200012
     656.4425617078052255       1.0788527801632881
     656.4427618412274796       1.0635782331228256
     656.4429619746497337       1.0465868823230267
     656.4431621080721015       1.0364780239760876
     656.4433622414943557       1.0690911114215851
     656.4435623749166098       0.9298200011253357
     656.4437625083388639       0.9399625100195408
     656.4439626417612317       1.0425323359668255
     656.4441627751834858       0.9830528330057859
     656.4443629086057399       1.0033683290239424
     656.4445630420279940       0.9422631151974201
     656.4447631754503618       1.0372233912348747
     656.4449633088726159       1.0237954687327147
     656.4451634422948700       0.9957477957941592
     656.4453635757171241       1.0585477426648140
     656.4455637091393783       1.0194679889827967
     656.4457638425617461       1.0470889285206795
     656.4459639759840002       0.9855739176273346
     656.4461641094062543       1.0228195842355490
     656.4463642428285084       0.9640354402363300
     656.4465643762508762       1.0268104411661625
     656.4467645096731303       0.9122720211744308
     656.4469646430953844       1.0781114250421524
     656.4471647765176385       0.9454315118491650
     656.4473649099400063       0.9740396104753017
     656.4475650433622604       1.0578251779079437
     656.4477651767845146       0.9568745046854019
     656.4479653102067687       1.0455202274024487
     656.4481654436291365       0.9319888576865196
     656.4483655770513906       0.9867726191878319
     656.4485657104736447       0.9955508285202086
     656.4487658438958988       0.9003342315554619
     656.4489659773182666       0.9414355196058750
     656.4491661107405207       1.0113015547394753
     656.4493662441627748       0.9724382925778627
     656.4495663775850289       0.9809227026998997
     656.4497665110073967       1.0139746954664588
     656.4499666444296508       1.0060772611759603
     656.4501667778519050       1.0423126891255379
     656.4503669112741591       1.0381017774343491
     656.4505670446965269       0.9896656060591340
     656.4507671781187810       0.9571844190359116
     656.4509673115410351       1.0466967001557350
     656.4511674449632892       1.0587901137769222
     656.4513675783855433       0.9064405634999275
     656.4515677118079111       0.9992870020214468
     656.4517678452301652       0.9301469773054123
     656.4519679786524193       0.9800586495548487
     656.4521681120746734       1.0043979096226394
     656.4523682454970412       1.0008160397410393
     656.4525683789192954       1.0332450866699219
     656.4527685123415495       0.9137520641088486
     656.4529686457638036       1.0440042428672314
     656.4531687791861714       0.9798473715782166
     656.4533689126084255       0.9618641845881939
     656.4535690460306796       1.0716368183493614
     656.4537691794529337       0.9843739140778780
     656.4539693128753015       0.9874573135748506
     656.4541694462975556       1.0314062498509884
     656.4543695797198097       1.0373028852045536
     656.4545697131420638       1.0125624733045697
     656.4547698465644316       1.0284194629639387
     656.4549699799866858       1.0854904502630234
     656.4551701134089399       0.9757737424224615
     656.4553702468311940       0.9806712903082371
     656.4555703802535618       0.9634231105446815
     656.4557705136758159       0.8648648262023926
     656.4559706470980700       0.8694400787353516
     656.4561707805203241       1.0030709616839886
     656.4563709139425782       1.0102163515985012
     656.4565710473649460       1.0304944310337305
     656.4567711807872001       1.0541355870664120
     656.4569713142094542       0.9957542340271175
     656.4571714476317084       0.8800051808357239
     656.4573715810540762       0.9260846748948097
     656.4575717144763303       0.9390808232128620
     656.4577718478985844       1.0423700846731663
     656.4579719813208385       1.0395577438175678
     656.4581721147432063       0.9636296741664410
     656.4583722481654604       1.0892175510525703
     656.4585723815877145       1.0250083561986685
     656.4587725150099686       0.9358618408441544
     656.4589726484323364       0.9436490274965763
     656.4591727818545905       0.9369635060429573
     656.4593729152768447       0.9601078294217587
     656.4595730486990988       0.9082355424761772
     656.4597731821214666       0.9827830195426941
     656.4599733155437207       1.0013584916014224
     656.4601734489659748       0.9437915086746216
     656.4603735823882289       1.0639572292566299
     656.4605737158105967       1.0366358309984207
     656.4607738492328508       0.8826986402273178
     656.4609739826551049       0.9918649075552821
     656.4611741160773590       1.0859222784638405
     656.4613742494997268       0.9926942549645901
     656.4615743829219809       1.0560063384473324
     656.4617745163442351       1.0024863234721124
     656.4619746497664892       1.0237983521074057
     656.4621747831887433       1.0798027515411377
     656.4623749166111111       1.0135669503360987
     656.4625750500333652       0.9591596424579620
     656.4627751834556193       0.9943649913184345
     656.4629753168778734       1.0912315174937248
     656.4631754503002412       0.9597629941999912
     656.4633755837224953       0.9216506332159042
     656.4635757171447494       1.0659428089857101
     656.4637758505670035       1.0137170394882560
     656.4639759839893713       1.0785527601838112
     656.4641761174116255       1.0741891860961914
     656.4643762508338796       1.0012448776978999
     656.4645763842561337       1.0270308610051870
     656.4647765176785015       1.0004970402223989
     656.4649766511007556       1.0151174534112215
     656.4651767845230097       1.0205150153487921
     656.4653769179452638       0.9808092545717955
     656.4655770513676316       0.9645925946533680
     656.4657771847898857       1.0190848093479872
     656.4659773182121398       0.9839043486863375
     656.4661774516343939       0.9365687146782875
     656.4663775850567617       0.9211740270256996
     656.4665777184790159       0.9714972581714392
     656.4667778519012700       1.0278929322957993
     656.4669779853235241       0.9737324081361294
     656.4671781187458919       1.0408098250627518
     656.4673782521681460       1.0258878897875547
     656.4675783855904001       1.0303499493747950
     656.4677785190126542       1.0044077131897211
     656.4679786524349083       1.0183719824999571
     656.4681787858572761       0.9972739405930042
     656.4683789192795302       0.9862111508846283
     656.4685790527017843       1.0492310710251331
     656.4687791861240385       1.0896359756588936
     656.4689793195464063       0.9742149226367474
     656.4691794529686604       1.0931950286030769
     656.4693795863909145       0.9862352460622787
     656.4695797198131686       0.9462237358093262
     656.4697798532355364       1.0738298818469048
     656.4699799866577905       0.9656911343336105
     656.4701801200800446       1.0077486890368164
     656.4703802535022987       0.9890071861445904
     656.4705803869246665       1.0458124838769436
     656.4707805203469206       1.0528189726173878
     656.4709806537691748       1.0921473726630211
     656.4711807871914289       0.9707024265080690
     656.4713809206137967       1.0071840547025204
     656.4715810540360508       1.0283109433948994
     656.4717811874583049       1.0118024339899421
     656.4719813208805590       0.9585598744452000
     656.4721814543029268       0.9615077376365662
     656.4723815877251809       1.0565043278038502
     656.4725817211474350       1.0285538733005524
     656.4727818545696891       0.9679906629025936
     656.4729819879919432       1.0554883256554604
     656.4731821214143110       0.9192673638463020
     656.4733822548365652       1.0128911016508937
     656.4735823882588193       0.9666633382439613
     656.4737825216810734       0.9525814130902290
     656.4739826551034412       1.0155786741524935
     656.4741827885256953       1.0335623398423195
     656.4743829219479494       1.1193964630365372
     656.4745830553702035       0.9827067144215107
     656.4747831887925713       1.0359071157872677
     656.4749833222148254       0.9958155597560108
     656.4751834556370795       0.9716014768928289
     656.4753835890593336       1.0152615802362561
     656.4755837224817014       0.9639882519841194
     656.4757838559039556       0.9132808446884155
     656.4759839893262097       1.0664510577917099
     656.4761841227484638       0.9613407477736473
     656.4763842561708316       1.0057765799574554
     656.4765843895930857       1.0026417784392834
     656.4767845230153398       0.9539348408579826
     656.4769846564375939       1.0393892452120781
     656.4771847898599617       1.0267547108232975
     656.4773849232822158       1.0407301560044289
     656.4775850567044699       0.9311584755778313
     656.4777851901267240       0.9721380565315485
     656.4779853235490918       0.9468852318823338
     656.4781854569713460       0.9975677661132067
     656.4783855903936001       0.9898622622713447
     656.4785857238158542       1.0263473223894835
     656.4787858572381083       1.0372387766838074
     656.4789859906604761       1.0047211218625307
     656.4791861240827302       1.0192187894135714
     656.4793862575049843       0.9150691106915474
     656.4795863909272384       1.0050470530986786
     656.4797865243496062       0.9163887128233910
     656.4799866577718603       0.9693136755377054
     656.4801867911941144       1.0187176372855902
     656.4803869246163686       1.0238651297986507
     656.4805870580387364       0.9504259563982487
     656.4807871914609905       1.0515955984592438
     656.4809873248832446       1.0519091971218586
     656.4811874583054987       0.9831964541226625
     656.4813875917278665       1.0254159606993198
     656.4815877251501206       1.1209804564714432
     656.4817878585723747       1.0321267358958721
     656.4819879919946288       1.0071542039513588
     656.4821881254169966       1.0182824917137623
     656.4823882588392507       0.9880083771422505
     656.4825883922615049       1.0338764153420925
     656.4827885256837590       1.0026815806049854
     656.4829886591061268       0.9985883341869339
     656.4831887925283809       1.0693120807409286
     656.4833889259506350       1.0650838017463684
     656.4835890593728891       0.9648058749735355
     656.4837891927951432       0.9521178342401981
     656.4839893262175110       0.9108927324414253
     656.4841894596397651       0.9773581214249134
     656.4843895930620192       0.9276262149214745
     656.4845897264842733       0.9998591233452316
     656.4847898599066411       1.0322396308183670
     656.4849899933288953       1.0122687453404069
     656.4851901267511494       0.9989432925358415
     656.4853902601734035       0.9584559686481953
     656.4855903935957713       0.9173616915941238
     656.4857905270180254       1.1156680956482887
     656.4859906604402795       0.9314691573381424
     656.4861907938625336       1.0216437149792910
     656.4863909272849014       0.9599035978317261
     656.4865910607071555       1.0216168202459812
     656.4867911941294096       0.9566511698067188
     656.4869913275516637       1.0729949101805687
     656.4871914609740315       1.0234139971435070
     656.4873915943962857       1.0667116641998291
     656.4875917278185398       1.0547697804868221
     656.4877918612407939       0.9705854523926973
     656.4879919946631617       1.0067742853425443
     656.4881921280854158       1.0175552722066641
     656.4883922615076699       1.0167317502200603
     656.4885923949299240       1.0335599295794964
     656.4887925283522918       1.1059374138712883
     656.4889926617745459       0.9792238343507051
     656.4891927951968000       1.0105432756245136
     656.4893929286190541       1.0182502176612616
     656.4895930620413083       0.9520604535937309
     656.4897931954636761       0.9306609556078911
     656.4899933288859302       1.0621109604835510
     656.4901934623081843       0.9089293330907822
     656.4903935957304384       1.0854024440050125
     656.4905937291528062       1.0469156727194786
     656.4907938625750603       0.9930039420723915
     656.4909939959973144       0.9734283182770014
     656.4911941294195685       1.0201533399522305
     656.4913942628419363       1.0139175979420543
     656.4915943962641904       1.0848779678344727
     656.4917945296864445       1.0675339698791504
     656.4919946631086987       0.9949355204589665
     656.4921947965310665       0.9807706344872713
     656.4923949299533206       1.0369101576507092
     656.4925950633755747       0.9660791046917439
     656.4927951967978288       1.0032957510557026
     656.4929953302201966       1.0431733280420303
     656.4931954636424507       0.9945909702219069
     656.4933955970647048       0.9129009172320366
     656.4935957304869589       1.0389010421931744
     656.4937958639093267       1.0193197038024664
     656.4939959973315808       1.0433163158595562
     656.4941961307538350       1.0001573580811964
     656.4943962641760891       0.9875277541577816
     656.4945963975983432       1.0856889262795448
     656.4947965310207110       0.9543906785547733
     656.4949966644429651       0.9668916165828705
     656.4951967978652192       0.9576976448297501
     656.4953969312874733       0.9994739661924541
     656.4955970647098411       0.9835919085890055
     656.4957971981320952       1.0352070443332195
     656.4959973315543493       0.9543712511658669
     656.4961974649766034       0.9869430819526315
     656.4963975983989712       0.9001227095723152
     656.4965977318212254       1.0670231357216835
     656.4967978652434795       0.9351819306612015
     656.4969979986657336       0.9924907451495528
     656.4971981320881014       1.0602561235427856
     656.4973982655103555       1.0450893491506577
     656.4975983989326096       1.0089713605120778
     656.4977985323548637       1.0374393984675407
     656.4979986657772315       1.0099610276520252
     656.4981987991994856       0.9962177835404873
     656.4983989326217397       0.9996782155067194
     656.4985990660439938       1.0243838261812925
     656.4987991994663616       0.9890893157571554
     656.4989993328886158       0.9180344194173813
     656.4991994663108699       1.0098344897851348
     656.4993995997331240       1.0867862030863762
     656.4995997331554918       0.9472682960331440
     656.4997998665777459       1.0038463824894279
     656.5000000000000000       0.8841405585408211

