     656.2000000000000455       1.0269691850990057
     656.2002001334222996       0.9606589190661907
     656.2004002668445537       0.9038886353373528
     656.2006004002669215       1.0021885146852583
     656.2008005336891756       1.0267207659780979
     656.2010006671114297       0.9789022561162710
     656.2012008005336838       1.1105658933520317
     656.2014009339560516       0.8867139592766762
     656.2016010673783057       0.9585897400975227
     656.2018012008005599       0.9513391889631748
     656.2020013342228140       1.0128555400297046
     656.2022014676451818       1.0524844117462635
     656.2024016010674359       0.9670939147472382
     656.2026017344896900       1.0523475073277950
     656.2028018679119441       0.9278828501701355
     656.2030020013343119       1.0045907781459391
     656.2032021347565660       0.9834525547921658
     656.2034022681788201       1.0858536288142204
     656.2036024016010742       1.0622489638626575
     656.2038025350234420       0.8926051259040833
     656.2040026684456961       0.9966184131335467
     656.2042028018679503       1.0065709487535059
     656.2044029352902044       0.9884553365409374
     656.2046030687125722       1.0473899878561497
     656.2048032021348263       1.0336569622159004
     656.2050033355570804       1.0011941031552851
     656.2052034689793345       0.9444520808756351
     656.2054036024017023       1.0829199478030205
     656.2056037358239564       0.9541764035820961
     656.2058038692462105       1.0202374365180731
     656.2060040026684646       1.0161141138523817
     656.2062041360907187       0.9806637186557055
     656.2064042695130865       0.9106918945908546
     656.2066044029353407       0.9433548152446747
     656.2068045363575948       0.9416903667151928
     656.2070046697798489       1.1360677629709244
     656.2072048032022167       1.0166097208857536
     656.2074049366244708       0.9888382134959102
     656.2076050700467249       1.0313930213451385
     656.2078052034689790       1.0177027918398380
     656.2080053368913468       1.1015546470880508
     656.2082054703136009       0.9840552229434252
     656.2084056037358550       1.0091865379363298
     656.2086057371581092       0.9635613784193993
     656.2088058705804769       0.9905078141018748
     656.2090060040027311       1.0510870404541492
     656.2092061374249852       1.0113685084506869
     656.2094062708472393       0.9584102667868137
     656.2096064042696071       0.9647614508867264
     656.2098065376918612       1.0854065567255020
     656.2100066711141153       1.0368354506790638
     656.2102068045363694       0.9603525660932064
     656.2104069379587372       0.9618071392178535
     656.2106070713809913       1.0195669457316399
     656.2108072048032454       0.9804691076278687
     656.2110073382254996       0.9703236632049084
     656.2112074716477537       0.9655281491577625
     656.2114076050701215       1.0530368573963642
     656.2116077384923756       1.0662893205881119
     656.2118078719146297       1.0112479096278548
     656.2120080053368838       1.0184165313839912
     656.2122081387592516       0.9438960552215576
     656.2124082721815057       1.0286808758974075
     656.2126084056037598       0.9156498089432716
     656.2128085390260139       1.0160601418465376
     656.2130086724483817       1.0326743312180042
     656.2132088058706358       1.0758075043559074
     656.2134089392928900       1.0302326437085867
     656.2136090727151441       0.9972237059846520
     656.2138092061375119       1.0274771694093943
     656.2140093395597660       0.9788300339132547
     656.2142094729820201       1.0006367287132889
     656.2144096064042742       0.9563148766756058
     656.2146097398266420       1.0045561776496470
     656.2148098732488961       1.1037886664271355
     656.2150100066711502       1.0089993160218000
     656.2152101400934043       0.9956674873828888
     656.2154102735157721       0.9524594284594059
     656.2156104069380262       0.9909419957548380
     656.2158105403602804       1.0011952521745116
     656.2160106737825345       0.9462632946670055
     656.2162108072049023       1.0909869819879532
     656.2164109406271564       0.9685712866485119
     656.2166110740494105       0.9702366404235363
     656.2168112074716646       1.0070680337958038
     656.2170113408939187       1.1399878859519958
     656.2172114743162865       0.9978282281663269
     656.2174116077385406       1.0621245689690113
     656.2176117411607947       1.0448831915855408
     656.2178118745830488       0.9582008793950081
     656.2180120080054166       1.0606907382607460
     656.2182121414276708       1.0382309518754482
     656.2184122748499249       1.0634290352463722
     656.2186124082721790       1.0033682694192976
     656.2188125416945468       0.9927695789374411
     656.2190126751168009       0.9392321892082691
     656.2192128085390550       0.9566031433641911
     656.2194129419613091       1.0703992992639542
     656.2196130753836769       0.9722562730312347
     656.2198132088059310       0.9604105465114117
     656.2200133422281851       0.9418626129627228
     656.2202134756504392       1.0409345775842667
     656.2204136090728070       1.0555576384067535
     656.2206137424950612       0.9532607123255730
     656.2208138759173153       0.9572581723332405
     656.2210140093395694       1.0566583871841431
     656.2212141427619372       0.9688408784568310
     656.2214142761841913       1.0258492771536112
     656.2216144096064454       1.0522941611707211
     656.2218145430286995       1.0498633347451687
     656.2220146764509536       0.9666867889463902
     656.2222148098733214       1.0369668081402779
     656.2224149432955755       0.9477643296122551
     656.2226150767178297       1.0039320327341557
     656.2228152101400838       1.0815729796886444
     656.2230153435624516       0.9422116018831730
     656.2232154769847057       0.9195736721158028
     656.2234156104069598       0.9398053884506226
     656.2236157438292139       1.0371580496430397
     656.2238158772515817       1.0220231954008341
     656.2240160106738358       0.9906621305271983
     656.2242161440960899       0.9343997612595558
     656.2244162775183440       1.0594921708106995
     656.2246164109407118       0.9388402812182903
     656.2248165443629659       0.9709267485886812
     656.2250166777852201       0.9179913476109505
     656.2252168112074742       0.9538643881678581
     656.2254169446298420       0.9534008838236332
     656.2256170780520961       1.0550660677254200
     656.2258172114743502       0.9392094723880291
     656.2260173448966043       1.0766568407416344
     656.2262174783189721       1.0427479818463326
     656.2264176117412262       0.9224359169602394
     656.2266177451634803       0.9571622051298618
     656.2268178785857344       0.9543928839266300
     656.2270180120081022       1.0008815351175144
     656.2272181454303563       1.0199459698051214
     656.2274182788526105       0.8843026235699654
     656.2276184122748646       0.9361340552568436
     656.2278185456971187       1.0346407257020473
     656.2280186791194865       0.9469145648181438
     656.2282188125417406       0.9913390204310417
     656.2284189459639947       0.9648186378180981
     656.2286190793862488       0.9486391954123974
     656.2288192128086166       1.0252523068338633
     656.2290193462308707       1.0185764376074076
     656.2292194796531248       0.9347509294748306
     656.2294196130753789       0.9422136470675468
     656.2296197464977467       1.1106643080711365
     656.2298198799200009       1.0185103900730610
     656.2300200133422550       0.9321711510419846
     656.2302201467645091       1.0235974788665771
     656.2304202801868769       0.9725525490939617
     656.2306204136091310       1.0122535331174731
     656.2308205470313851       0.9669171795248985
     656.2310206804536392       0.9716073740273714
     656.2312208138760070       0.9713838454335928
     656.2314209472982611       1.0458425544202328
     656.2316210807205152       1.0348247289657593
     656.2318212141427693       1.0708540752530098
     656.2320213475651371       1.0413740500807762
     656.2322214809873913       1.0372998677194118
     656.2324216144096454       1.0274409856647253
     656.2326217478318995       0.9718903563916683
     656.2328218812541536       0.8897286504507065
     656.2330220146765214       0.9284686744213104
     656.2332221480987755       0.9853435093536973
     656.2334222815210296       1.0274291578680277
     656.2336224149432837       1.0673912763595581
     656.2338225483656515       1.0002724065852817
     656.2340226817879056       1.0904810577630997
     656.2342228152101598       0.9498282261192799
     656.2344229486324139       1.0028243311680853
     656.2346230820547817       0.9543088115751743
     656.2348232154770358       1.0856545940041542
     656.2350233488992899       1.0183573178946972
     656.2352234823215440       1.1313862055540085
     656.2354236157439118       1.0284512341022491
     656.2356237491661659       1.0121901920065284
     656.2358238825884200       0.9633943550288677
     656.2360240160106741       0.9920428702607751
     656.2362241494330419       1.0019528492121026
     656.2364242828552960       1.0473867952823639
     656.2366244162775502       1.0581466630101204
     656.2368245496998043       1.0453835949301720
     656.2370246831221721       1.0140067636966705
     656.2372248165444262       0.9554789401590824
     656.2374249499666803       0.9909489396959543
     656.2376250833889344       1.0417714640498161
     656.2378252168113022       1.0606588907539845
     656.2380253502335563       1.0544976703822613
     656.2382254836558104       1.0008201137534343
     656.2384256170780645       0.9774997700005770
     656.2386257505003186       1.0457364842295647
     656.2388258839226864       0.9370145276188850
     656.2390260173449406       0.9087710976600647
     656.2392261507671947       1.0088972058147192
     656.2394262841894488       0.9945008149370551
     656.2396264176118166       1.0073005123995245
     656.2398265510340707       1.0178240668028593
     656.2400266844563248       1.0166547242552042
     656.2402268178785789       0.9879260268062353
     656.2404269513009467       0.9607368707656860
     656.2406270847232008       1.0130093693733215
     656.2408272181454549       0.9026421681046486
     656.2410273515677090       0.9770792108029127
     656.2412274849900768       0.9449925050139427
     656.2414276184123310       1.0195363052189350
     656.2416277518345851       0.9978239370975643
     656.2418278852568392       1.0505873933434486
     656.2420280186792070       1.0527737811207771
     656.2422281521014611       1.0866933539509773
     656.2424282855237152       1.0445532351732254
     656.2426284189459693       0.9609140120446682
     656.2428285523683371       0.9905654964968562
     656.2430286857905912       1.0463399402797222
     656.2432288192128453       1.0083140498027205
     656.2434289526350994       0.9670157209038734
     656.2436290860574672       1.0044173575006425
     656.2438292194797214       0.9854515939950943
     656.2440293529019755       1.0005485775764100
     656.2442294863242296       0.9498920664191246
     656.2444296197464837       0.9713869709521532
     656.2446297531688515       0.9642172828316689
     656.2448298865911056       0.9503934308886528
     656.2450300200133597       1.0015110027743503
     656.2452301534356138       0.9451335780322552
     656.2454302868579816       0.9970936407335103
     656.2456304202802357       0.9800488743931055
     656.2458305537024899       0.9691031128168106
     656.2460306871247440       0.9581597372889519
     656.2462308205471118       0.9995618432585616
     656.2464309539693659       0.9846801916137338
     656.2466310873916200       0.9541668780148029
     656.2468312208138741       1.0280142575502396
     656.2470313542362419       0.9299171939492226
     656.2472314876584960       1.0545964501798153
     656.2474316210807501       1.0108563033863902
     656.2476317545030042       1.1260583102703094
     656.2478318879253720       0.9987808830337599
     656.2480320213476261       0.9949981626123190
     656.2482321547698803       0.9872291283681989
     656.2484322881921344       0.9819198586046696
     656.2486324216145022       0.9942205161787570
     656.2488325550367563       0.9636619426310062
     656.2490326884590104       1.1097537055611610
     656.2492328218812645       0.9243770837783813
     656.2494329553035186       0.9344436228275299
     656.2496330887258864       1.0838588997721672
     656.2498332221481405       0.9222111254930496
     656.2500333555703946       0.9432735256850719
     656.2502334889926487       0.9117797389626503
     656.2504336224150165       1.0185283813625574
     656.2506337558372707       0.9169765189290047
     656.2508338892595248       0.9528658911585808
     656.2510340226817789       1.0180244315415621
     656.2512341561041467       0.9973845293279737
     656.2514342895264008       1.0023379726335406
     656.2516344229486549       0.9750511609017849
     656.2518345563709090       1.0652354285120964
     656.2520346897932768       0.9999383030517492
     656.2522348232155309       0.9543875083327293
     656.2524349566377850       1.0019932929426432
     656.2526350900600391       0.8837793245911598
     656.2528352234824069       0.9091159254312515
     656.2530353569046611       1.0463203564286232
     656.2532354903269152       1.0433300994336605
     656.2534356237491693       1.0099902367219329
     656.2536357571715371       1.0389317385852337
     656.2538358905937912       1.0811719968914986
     656.2540360240160453       0.9759271088987589
     656.2542361574382994       1.0662337467074394
     656.2544362908606672       0.9913931759074330
     656.2546364242829213       1.0707946717739105
     656.2548365577051754       0.8892983570694923
     656.2550366911274295       0.9752010907977819
     656.2552368245496837       1.0172021221369505
     656.2554369579720515       1.0149905476719141
     656.2556370913943056       0.9536424651741982
     656.2558372248165597       0.9740081690251827
     656.2560373582388138       0.9851628104224801
     656.2562374916611816       0.9200639426708221
     656.2564376250834357       0.9117360785603523
     656.2566377585056898       1.0063790837302804
     656.2568378919279439       1.0155439423397183
     656.2570380253503117       1.0248546414077282
     656.2572381587725658       1.0158403627574444
     656.2574382921948200       1.0552053265273571
     656.2576384256170741       0.9674256742000580
     656.2578385590394419       0.9669560305774212
     656.2580386924616960       0.9482501447200775
     656.2582388258839501       1.0252184718847275
     656.2584389593062042       1.0512777268886566
     656.2586390927285720       1.0589812360703945
     656.2588392261508261       0.9693393558263779
     656.2590393595730802       1.0299303978681564
     656.2592394929953343       1.0871353596448898
     656.2594396264177021       0.9397713951766491
     656.2596397598399562       0.9496504701673985
     656.2598398932622104       0.9942324100993574
     656.2600400266844645       0.9872451433911920
     656.2602401601067186       0.9209078922867775
     656.2604402935290864       0.9657694138586521
     656.2606404269513405       0.9799194242805243
     656.2608405603735946       0.9429233111441135
     656.2610406937958487       0.9417222850024700
     656.2612408272182165       0.9903680868446827
     656.2614409606404706       0.9576560892164707
     656.2616410940627247       1.0526477582752705
     656.2618412274849788       0.9682287164032459
     656.2620413609073466       0.9674270637333393
     656.2622414943296008       1.0005398771027103
     656.2624416277518549       0.9452858790755272
     656.2626417611741090       0.9871496511623263
     656.2628418945964768       1.0018357922090217
     656.2630420280187309       1.0349420458078384
     656.2632421614409850       0.9463397897779942
     656.2634422948632391       0.9558915272355080
     656.2636424282856069       1.0608618073165417
     656.2638425617078610       0.9876474672928452
     656.2640426951301151       0.9925942164845765
     656.2642428285523692       1.0178361441940069
     656.2644429619747370       0.9485801160335541
     656.2646430953969912       1.0143258944153786
     656.2648432288192453       1.0013258580584079
     656.2650433622414994       0.9869463043287396
     656.2652434956638672       0.9383444711565971
     656.2654436290861213       1.0809518098831177
     656.2656437625083754       1.0002210442034993
     656.2658438959306295       0.9484605975449085
     656.2660440293528836       0.9793995488435030
     656.2662441627752514       0.9649864174425602
     656.2664442961975055       0.9282808378338814
     656.2666444296197596       0.9483143799006939
     656.2668445630420138       1.0454252026975155
     656.2670446964643816       0.9904047222808003
     656.2672448298866357       0.9355615898966789
     656.2674449633088898       1.0354152619838715
     656.2676450967311439       0.8789058700203896
     656.2678452301535117       1.0721091628074646
     656.2680453635757658       1.0300460159778595
     656.2682454969980199       1.0128842657431960
     656.2684456304202740       0.9883521972224116
     656.2686457638426418       1.0129500171169639
     656.2688458972648959       1.0282177533954382
     656.2690460306871501       1.0398668758571148
     656.2692461641094042       1.0169212445616722
     656.2694462975317720       1.1499308794736862
     656.2696464309540261       1.0209335498511791
     656.2698465643762802       1.0244705807417631
     656.2700466977985343       1.0541902072727680
     656.2702468312209021       1.0125646144151688
     656.2704469646431562       0.9824032839387655
     656.2706470980654103       1.0045271380804479
     656.2708472314876644       0.9703863356262445
     656.2710473649099185       1.0787208676338196
     656.2712474983322863       0.9609402380883694
     656.2714476317545405       1.0692945420742035
     656.2716477651767946       0.9547453038394451
     656.2718478985990487       0.9493080079555511
     656.2720480320214165       1.0289616379886866
     656.2722481654436706       1.0398945920169353
     656.2724482988659247       1.0251238141208887
     656.2726484322881788       1.0491155199706554
     656.2728485657105466       0.9592012986540794
     656.2730486991328007       1.0464684031903744
     656.2732488325550548       1.0085194660350680
     656.2734489659773089       0.9812696017324924
     656.2736490993996767       0.9506890922784805
     656.2738492328219309       1.0366680957376957
     656.2740493662441850       0.9418123960494995
     656.2742494996664391       0.9413615949451923
     656.2744496330888069       1.0570841543376446
     656.2746497665110610       1.0073050321079791
     656.2748498999333151       0.9429617151618004
     656.2750500333555692       1.0185089781880379
     656.2752501667779370       0.9322601631283760
     656.2754503002001911       1.0361205115914345
     656.2756504336224452       0.9556189626455307
     656.2758505670446993       1.0809666737914085
     656.2760507004670671       0.9852759568020701
     656.2762508338893213       1.0692721977829933
     656.2764509673115754       0.9970413858536631
     656.2766511007338295       1.0290127824991941
     656.2768512341560836       0.9524965919554234
     656.2770513675784514       1.0186808947473764
     656.2772515010007055       1.0900398194789886
     656.2774516344229596       1.0308277364820242
     656.2776517678452137       1.0499472469091415
     656.2778519012675815       0.9760448113083839
     656.2780520346898356       1.0827739164233208
     656.2782521681120897       1.0812205672264099
     656.2784523015343439       1.0334437005221844
     656.2786524349567117       0.9842219520360231
     656.2788525683789658       1.0576267205178738
     656.2790527018012199       1.0757541134953499
     656.2792528352234740       0.9556350372731686
     656.2794529686458418       0.9923208681866527
     656.2796531020680959       0.9921046886593103
     656.2798532354903500       1.0563370175659657
     656.2800533689126041       1.0031853280961514
     656.2802535023349719       1.0166122596710920
     656.2804536357572260       1.0076247616671026
     656.2806537691794802       1.0212044920772314
     656.2808539026017343       1.0772887319326401
     656.2810540360241021       1.0012625135714188
     656.2812541694463562       0.9467453993856907
     656.2814543028686103       0.9841083604842424
     656.2816544362908644       0.9558947868645191
     656.2818545697131185       0.9321982637047768
     656.2820547031354863       1.0442984215915203
     656.2822548365577404       1.0146682132035494
     656.2824549699799945       0.9863327378407121
     656.2826551034022486       0.9447991475462914
     656.2828552368246164       0.9865154298022389
     656.2830553702468706       0.9588123559951782
     656.2832555036691247       0.9454251639544964
     656.2834556370913788       0.9641781710088253
     656.2836557705137466       1.0004658750258386
     656.2838559039360007       0.9897137219086289
     656.2840560373582548       0.9856047481298447
     656.2842561707805089       1.0679033845663071
     656.2844563042028767       0.9078281447291374
     656.2846564376251308       0.9852304812520742
     656.2848565710473849       0.9863798851147294
     656.2850567044696390       1.0315350554883480
     656.2852568378920068       1.0641639158129692
     656.2854569713142610       0.9882384520024061
     656.2856571047365151       0.9362507238984108
     656.2858572381587692       1.0038003565277904
     656.2860573715811370       1.0281283054500818
     656.2862575050033911       1.0273429341614246
     656.2864576384256452       0.9568180665373802
     656.2866577718478993       0.9844608930870891
     656.2868579052702671       1.1251121014356613
     656.2870580386925212       0.9720602594316006
     656.2872581721147753       0.9323857799172401
     656.2874583055370294       1.0110349562019110
     656.2876584389592836       0.9028311073780060
     656.2878585723816514       1.0989361926913261
     656.2880587058039055       0.9244710281491280
     656.2882588392261596       0.9278975203633308
     656.2884589726484137       1.1352909654378891
     656.2886591060707815       1.0657541081309319
     656.2888592394930356       0.9436337761580944
     656.2890593729152897       1.0074155740439892
     656.2892595063375438       1.0376922599971294
     656.2894596397599116       1.0253048781305552
     656.2896597731821657       0.9649777375161648
     656.2898599066044198       0.9960414548404515
     656.2900600400266740       1.0655152499675751
     656.2902601734490418       1.0293788798153400
     656.2904603068712959       0.9232852682471275
     656.2906604402935500       1.0380299501121044
     656.2908605737158041       1.0091109378263354
     656.2910607071381719       1.0660319402813911
     656.2912608405604260       0.9181764796376228
     656.2914609739826801       0.9888111194595695
     656.2916611074049342       1.0027456458192319
     656.2918612408273020       1.1457480192184448
     656.2920613742495561       0.9985210380982608
     656.2922615076718103       1.0493023283779621
     656.2924616410940644       1.0265944059938192
     656.2926617745164322       1.0871498212218285
     656.2928619079386863       0.9929988449439406
     656.2930620413609404       1.0104427291080356
     656.2932621747831945       0.9735716748982668
     656.2934623082054486       0.8824851959943771
     656.2936624416278164       1.0215717982500792
     656.2938625750500705       1.0105589851737022
     656.2940627084723246       1.0064031207002699
     656.2942628418945787       0.9567343331873417
     656.2944629753169465       1.0648207366466522
     656.2946631087392007       1.0148094538599253
     656.2948632421614548       1.0342416316270828
     656.2950633755837089       0.9960468742065132
     656.2952635090060767       1.0116473315283656
     656.2954636424283308       0.9139144569635391
     656.2956637758505849       1.0198056194931269
     656.2958639092728390       0.9596190266311169
     656.2960640426952068       0.9527150020003319
     656.2962641761174609       1.0343818925321102
     656.2964643095397150       0.9296176284551620
     656.2966644429619691       0.9740007538348436
     656.2968645763843369       1.0011786685790867
     656.2970647098065911       0.9885372584685683
     656.2972648432288452       1.0360884740948677
     656.2974649766510993       1.0097966650500894
     656.2976651100734671       1.0320010818541050
     656.2978652434957212       1.0028162878006697
     656.2980653769179753       1.0150324823334813
     656.2982655103402294       1.1135740056633949
     656.2984656437624835       1.0693534165620804
     656.2986657771848513       0.9952356666326523
     656.2988659106071054       0.9579641632735729
     656.2990660440293595       1.0492947883903980
     656.2992661774516137       0.8962923139333725
     656.2994663108739815       1.0323069430887699
     656.2996664442962356       0.9839031044393778
     656.2998665777184897       1.0235089436173439
     656.3000667111407438       1.0424857996404171
     656.3002668445631116       0.9206428974866867
     656.3004669779853657       0.9575449116528034
     656.3006671114076198       0.9506393112242222
     656.3008672448298739       0.9757284428924322
     656.3010673782522417       0.9563322998583317
     656.3012675116744958       0.9798779301345348
     656.3014676450967499       1.0209120716899633
     656.3016677785190041       1.0223066732287407
     656.3018679119413719       0.9879212463274598
     656.3020680453636260       1.0300430990755558
     656.3022681787858801       1.0240157470107079
     656.3024683122081342       0.9722835961729288
     656.3026684456305020       0.9959262204356492
     656.3028685790527561       0.9753759521991014
     656.3030687124750102       0.9290593937039375
     656.3032688458972643       0.9556917175650597
     656.3034689793196321       0.8979306817054749
     656.3036691127418862       1.0341304801404476
     656.3038692461641403       0.9857994969934225
     656.3040693795863945       1.0615183115005493
     656.3042695130086486       0.9289184287190437
     656.3044696464310164       1.0984768494963646
     656.3046697798532705       1.0819963663816452
     656.3048699132755246       1.0365876853466034
     656.3050700466977787       1.0322028063237667
     656.3052701801201465       0.9890730651095510
     656.3054703135424006       0.9050395414233208
     656.3056704469646547       1.0719390287995338
     656.3058705803869088       0.9517508111894131
     656.3060707138092766       0.9867382375523448
     656.3062708472315308       0.9972289986908436
     656.3064709806537849       1.0064879260025918
     656.3066711140760390       0.9750040508806705
     656.3068712474984068       1.0233019851148129
     656.3070713809206609       0.9955671438947320
     656.3072715143429150       0.9746648687869310
     656.3074716477651691       1.0209189895540476
     656.3076717811875369       0.9465349316596985
     656.3078719146097910       0.9874148527160287
     656.3080720480320451       0.9250465333461761
     656.3082721814542992       1.0312794409692287
     656.3084723148766670       1.0183877032250166
     656.3086724482989212       0.9593387804925442
     656.3088725817211753       1.0246573295444250
     656.3090727151434294       1.0099656712263823
     656.3092728485656835       0.9324320554733276
     656.3094729819880513       1.0897928476333618
     656.3096731154103054       0.9232971295714378
     656.3098732488325595       1.0630779340863228
     656.3100733822548136       0.9989771383116022
     656.3102735156771814       1.0549655370414257
     656.3104736490994355       0.9739513900130987
     656.3106737825216896       0.9331698045134544
     656.3108739159439438       0.9894979419186711
     656.3110740493663116       1.0445514097809792
     656.3112741827885657       0.9602588638663292
     656.3114743162108198       0.9741946663707495
     656.3116744496330739       0.9732004068791866
     656.3118745830554417       1.0168719049543142
     656.3120747164776958       1.0386442430317402
     656.3122748498999499       0.9571519382297993
     656.3124749833222040       1.0999041125178337
     656.3126751167445718       1.0383657217025757
     656.3128752501668259       1.0510212481021881
     656.3130753835890800       0.9176883623003960
     656.3132755170113342       0.9448366351425648
     656.3134756504337020       0.9141176119446754
     656.3136757838559561       1.0002679369645193
     656.3138759172782102       1.0171845536679029
     656.3140760507004643       0.9778020307421684
     656.3142761841228321       1.1396915316581726
     656.3144763175450862       1.1126328036189079
     656.3146764509673403       1.0409617833793163
     656.3148765843895944       1.0611286759376526
     656.3150767178118485       1.0192912872880697
     656.3152768512342163       1.0523825287818909
     656.3154769846564704       1.0770010873675346
     656.3156771180787246       0.9947281973436475
     656.3158772515009787       1.0248340051621199
     656.3160773849233465       1.0192113574594259
     656.3162775183456006       1.1048320680856705
     656.3164776517678547       1.0162306036800146
     656.3166777851901088       0.8840106353163719
     656.3168779186124766       0.9442235231399536
     656.3170780520347307       0.9743536207824945
     656.3172781854569848       0.9735488407313824
     656.3174783188792389       1.0766034722328186
     656.3176784523016067       0.9659389741718769
     656.3178785857238609       1.0712184235453606
     656.3180787191461150       1.0423195362091064
     656.3182788525683691       1.0743136182427406
     656.3184789859907369       0.9285739734768867
     656.3186791194129910       0.9655534327030182
     656.3188792528352451       0.9176604673266411
     656.3190793862574992       1.0916601791977882
     656.3192795196798670       0.9657670482993126
     656.3194796531021211       1.0328129865229130
     656.3196797865243752       1.0009846062166616
     656.3198799199466293       1.0046790107153356
     656.3200800533688835       1.0347077921032906
     656.3202801867912513       1.0074837743304670
     656.3204803202135054       1.0900308042764664
     656.3206804536357595       0.9099300876259804
     656.3208805870580136       1.0428625606000423
     656.3210807204803814       0.9461660571396351
     656.3212808539026355       0.9939572359435260
     656.3214809873248896       0.9925247528590262
     656.3216811207471437       1.0260634701699018
     656.3218812541695115       0.9774333182722330
     656.3220813875917656       0.8708463460206985
     656.3222815210140197       1.0297229029238224
     656.3224816544362739       1.0781466811895370
     656.3226817878586417       0.9548900388181210
     656.3228819212808958       0.9868131065741181
     656.3230820547031499       0.9880641838535666
     656.3232821881254040       0.9437985830008984
     656.3234823215477718       1.1068838015198708
     656.3236824549700259       0.9736520163714886
     656.3238825883922800       1.0292736683040857
     656.3240827218145341       1.0593121238052845
     656.3242828552369019       1.0143076851963997
     656.3244829886591560       1.0820535346865654
     656.3246831220814101       0.9867095900699496
     656.3248832555036643       0.9625991024076939
     656.3250833889260321       1.0117461150512099
     656.3252835223482862       0.9811053518205881
     656.3254836557705403       1.0926168188452721
     656.3256837891927944       1.0091013461351395
     656.3258839226150485       0.9115208759903908
     656.3260840560374163       0.9284830242395401
     656.3262841894596704       1.0468169301748276
     656.3264843228819245       1.0169089306145906
     656.3266844563041786       0.9368201717734337
     656.3268845897265464       0.9207207113504410
     656.3270847231488005       1.0338717028498650
     656.3272848565710547       1.0180853512138128
     656.3274849899933088       1.0425404720008373
     656.3276851234156766       1.0045263818465173
     656.3278852568379307       0.9588174298405647
     656.3280853902601848       0.9284341931343079
     656.3282855236824389       1.0354750119149685
     656.3284856571048067       0.9605534225702286
     656.3286857905270608       0.9727685861289501
     656.3288859239493149       1.0350178591907024
     656.3290860573715690       0.9720093216747046
     656.3292861907939368       1.0758007690310478
     656.3294863242161910       0.9687791187316179
     656.3296864576384451       0.9982757937395945
     656.3298865910606992       0.9705012235790491
     656.3300867244830670       0.9505812563002110
     656.3302868579053211       1.0616606175899506
     656.3304869913275752       1.1165413409471512
     656.3306871247498293       1.0221580546349287
     656.3308872581721971       1.0503205768764019
     656.3310873915944512       1.0190338902175426
     656.3312875250167053       1.0264887697994709
     656.3314876584389594       1.0433848462998867
     656.3316877918612136       1.0245753396302462
     656.3318879252835814       1.0028166021220386
     656.3320880587058355       0.9545633941888809
     656.3322881921280896       0.9699003361165524
     656.3324883255503437       1.0632534101605415
     656.3326884589727115       1.0780924558639526
     656.3328885923949656       0.9654949232935905
     656.3330887258172197       1.0220934245735407
     656.3332888592394738       1.0065801474265754
     656.3334889926618416       0.9558183737099171
     656.3336891260840957       1.0728042200207710
     656.3338892595063498       1.0998853594064713
     656.3340893929286040       0.9878111239522696
     656.3342895263509718       0.9706882778555155
     656.3344896597732259       1.0178486388176680
     656.3346897931954800       1.0090523324906826
     656.3348899266177341       0.9418677501380444
     656.3350900600401019       0.9762189052999020
     656.3352901934623560       0.9278983697295189
     656.3354903268846101       1.0190787501633167
     656.3356904603068642       1.0116830701008439
     656.3358905937292320       1.0041022398509085
     656.3360907271514861       1.0318387858569622
     656.3362908605737402       1.0706917569041252
     656.3364909939959944       0.9171942323446274
     656.3366911274182485       1.0059092296287417
     656.3368912608406163       0.9099650681018829
     656.3370913942628704       0.9855689089745283
     656.3372915276851245       1.0934239476919174
     656.3374916611073786       1.0477327331900597
     656.3376917945297464       0.9685321971774101
     656.3378919279520005       1.0411960221827030
     656.3380920613742546       0.9290865957736969
     656.3382921947965087       1.0496955625712872
     656.3384923282188765       1.1019094586372375
     656.3386924616411306       0.9930119281634688
     656.3388925950633848       1.0519878976047039
     656.3390927284856389       0.9014884978532791
     656.3392928619080067       1.0470861643552780
     656.3394929953302608       0.9373035579919815
     656.3396931287525149       0.9511097818613052
     656.3398932621747690       0.9978307888377458
     656.3400933955971368       0.9456822909414768
     656.3402935290193909       1.0392477251589298
     656.3404936624416450       0.9685659259557724
     656.3406937958638991       1.0547756552696228
     656.3408939292862669       1.0596593283116817
     656.3410940627085211       0.9517772123217583
     656.3412941961307752       0.9243480041623116
     656.3414943295530293       0.9223730713129044
     656.3416944629753971       0.9895923584699631
     656.3418945963976512       0.9405851289629936
     656.3420947298199053       0.9029559865593910
     656.3422948632421594       1.0334706827998161
     656.3424949966644135       1.0171494353562593
     656.3426951300867813       1.0194846149533987
     656.3428952635090354       1.0172234717756510
     656.3430953969312895       1.0032960977405310
     656.3432955303535437       0.9714419711381197
     656.3434956637759115       0.9395904280245304
     656.3436957971981656       0.9925838150084019
     656.3438959306204197       0.9412859417498112
     656.3440960640426738       0.9499503113329411
     656.3442961974650416       0.9769689757376909
     656.3444963308872957       0.8970157280564308
     656.3446964643095498       1.0316483937203884
     656.3448965977318039       1.0076754391193390
     656.3450967311541717       1.0035303977783769
     656.3452968645764258       1.0651905164122581
     656.3454969979986799       0.9751308802515268
     656.3456971314209341       1.0219506863504648
     656.3458972648433019       1.0350120998919010
     656.3460973982655560       0.9391697235405445
     656.3462975316878101       1.0758899971842766
     656.3464976651100642       1.0284783300012350
     656.3466977985324320       0.9476123191416264
     656.3468979319546861       0.9370629936456680
     656.3470980653769402       0.9752540774643421
     656.3472981987991943       0.9296831265091896
     656.3474983322214484       0.9908830737695098
     656.3476984656438162       1.0099756969138980
     656.3478985990660703       0.9880625735968351
     656.3480987324883245       1.0815014392137527
     656.3482988659105786       0.8796993866562843
     656.3484989993329464       1.0232489947229624
     656.3486991327552005       0.9802031274884939
     656.3488992661774546       1.0153139876201749
     656.3490993995997087       1.0220761913806200
     656.3492995330220765       0.9457939453423023
     656.3494996664443306       1.0515607111155987
     656.3496997998665847       0.9890625681728125
     656.3498999332888388       0.9887841492891312
     656.3501000667112066       1.0848116278648376
     656.3503002001334607       0.9635016620159149
     656.3505003335557149       0.9329188317060471
     656.3507004669779690       1.0147210881114006
     656.3509006004003368       0.9745542127639055
     656.3511007338225909       0.9878619359806180
     656.3513008672448450       1.0415398627519608
     656.3515010006670991       0.9105974957346916
     656.3517011340894669       0.9898802423849702
     656.3519012675117210       1.0536385737359524
     656.3521014009339751       1.0293288417160511
     656.3523015343562292       0.9008002653717995
     656.3525016677785970       0.9850138230249286
     656.3527018012008512       0.9724828861653805
     656.3529019346231053       0.9329188242554665
     656.3531020680453594       1.0168081708252430
     656.3533022014676135       1.0385749489068985
     656.3535023348899813       0.9420646652579308
     656.3537024683122354       0.9970824709162116
     656.3539026017344895       0.9692237935960293
     656.3541027351567436       1.0254713427275419
     656.3543028685791114       0.9700984507799149
     656.3545030020013655       0.9737790375947952
     656.3547031354236196       0.9903722619637847
     656.3549032688458738       1.0812336206436157
     656.3551034022682416       1.0122039960697293
     656.3553035356904957       0.9775968957692385
     656.3555036691127498       1.0187465306371450
     656.3557038025350039       1.0344253070652485
     656.3559039359573717       1.0023345183581114
     656.3561040693796258       0.9378073550760746
     656.3563042028018799       1.0317568257451057
     656.3565043362241340       1.0690906941890717
     656.3567044696465018       1.0275616832077503
     656.3569046030687559       0.9841064251959324
     656.3571047364910100       0.9418795816600323
     656.3573048699132642       0.9713344424962997
     656.3575050033356320       0.9476385824382305
     656.3577051367578861       0.9727601725608110
     656.3579052701801402       0.9671452678740025
     656.3581054036023943       1.0018969577504322
     656.3583055370246484       1.0094389775767922
     656.3585056704470162       0.9628392048180103
     656.3587058038692703       1.0615183003246784
     656.3589059372915244       0.9509877972304821
     656.3591060707137785       1.0895759090781212
     656.3593062041361463       0.9102883115410805
     656.3595063375584004       1.0484005026519299
     656.3597064709806546       0.9936614027246833
     656.3599066044029087       1.0069124917499721
     656.3601067378252765       0.9969152186531574
     656.3603068712475306       0.9762340728193521
     656.3605070046697847       1.0839506462216377
     656.3607071380920388       1.0769695639610291
     656.3609072715144066       1.0356728471815586
     656.3611074049366607       0.9796531535685062
     656.3613075383589148       0.9918872946873307
     656.3615076717811689       0.9868928119540215
     656.3617078052035367       1.1092040911316872
     656.3619079386257908       0.9199240133166313
     656.3621080720480450       1.0042434809729457
     656.3623082054702991       0.8930096626281738
     656.3625083388926669       0.9291820302605629
     656.3627084723149210       1.0389926098287106
     656.3629086057371751       1.0527708232402802
     656.3631087391594292       1.0375151149928570
     656.3633088725817970       0.9707400295883417
     656.3635090060040511       1.0054681319743395
     656.3637091394263052       1.0588016174733639
     656.3639092728485593       1.0084477560594678
     656.3641094062708135       0.8951420783996582
     656.3643095396931813       0.9109767302870750
     656.3645096731154354       0.9788076449185610
     656.3647098065376895       0.9714461136609316
     656.3649099399599436       1.0718763545155525
     656.3651100733823114       0.9849233459681273
     656.3653102068045655       0.9511338509619236
     656.3655103402268196       0.9873880594968796
     656.3657104736490737       1.0234859380871058
     656.3659106070714415       1.0024976029526442
     656.3661107404936956       1.0201247800141573
     656.3663108739159497       1.0621200017631054
     656.3665110073382039       0.8614039421081542
     656.3667111407605717       1.1210243329405782
     656.3669112741828258       0.9761549253016707
     656.3671114076050799       0.9999316676039592
     656.3673115410273340       1.0477818287909022
     656.3675116744497018       1.0080876508727659
     656.3677118078719559       1.0404697917401773
     656.3679119412942100       1.0335064344108078
     656.3681120747164641       1.0588708035647831
     656.3683122081388319       1.0425046719610633
     656.3685123415610860       1.0079304911196147
     656.3687124749833401       1.0072232633828992
     656.3689126084055943       1.0669842287897879
     656.3691127418278484       1.0032354928552834
     656.3693128752502162       1.0152338566258152
     656.3695130086724703       1.0054398528299644
     656.3697131420947244       1.0801340863107787
     656.3699132755169785       0.9880782635881259
     656.3701134089393463       0.9365382418034662
     656.3703135423616004       1.0120058413592354
     656.3705136757838545       1.0445031486447856
     656.3707138092061086       1.0772564932698532
     656.3709139426284764       1.0932312533251565
     656.3711140760507305       0.9732213914383145
     656.3713142094729847       1.0176905132814058
     656.3715143428952388       0.9869646383426465
     656.3717144763176066       1.0035101603683889
     656.3719146097398607       1.0750552713824502
     656.3721147431621148       0.9570662528210532
     656.3723148765843689       1.0080276969727067
     656.3725150100067367       0.9629982113706755
     656.3727151434289908       0.9997227473174171
     656.3729152768512449       1.0042146136724726
     656.3731154102734990       1.0007715233587611
     656.3733155436958668       1.0930862277238962
     656.3735156771181209       1.0168595872112915
     656.3737158105403751       1.0568055882068368
     656.3739159439626292       0.9665990358720812
     656.3741160773849970       1.0646048856881158
     656.3743162108072511       0.9832028874396751
     656.3745163442295052       1.0252979748109143
     656.3747164776517593       1.0048351804487976
     656.3749166110740134       1.0676960342384136
     656.3751167444963812       0.9901622049678289
     656.3753168779186353       1.0483543972137586
     656.3755170113408894       0.9540728909740467
     656.3757171447631436       1.0666828356110631
     656.3759172781855113       1.0291846996853034
     656.3761174116077655       0.9806919912941434
     656.3763175450300196       1.0646201464975009
     656.3765176784522737       1.0281763243555506
     656.3767178118746415       0.9961605834965230
     656.3769179452968956       1.0131285204967218
     656.3771180787191497       1.0407624922254337
     656.3773182121414038       0.9686329946266713
     656.3775183455637716       1.0226024763038928
     656.3777184789860257       0.9435430571854496
     656.3779186124082798       0.8968392433628796
     656.3781187458305340       1.0314726591335948
     656.3783188792529018       0.8617851978628441
     656.3785190126751559       1.0692075070690359
     656.3787191460974100       0.9615952170093407
     656.3789192795196641       1.0441604646150036
     656.3791194129420319       1.0525299220322228
     656.3793195463642860       0.9889878868714296
     656.3795196797865401       0.9551901523464540
     656.3797198132087942       0.9861167589809799
     656.3799199466311620       0.9662203691097695
     656.3801200800534161       1.0058963936724965
     656.3803202134756702       0.9309425501809008
     656.3805203468979244       0.9893115797031867
     656.3807204803201785       0.9380751121557824
     656.3809206137425463       0.9685029023053348
     656.3811207471648004       1.0112129112238737
     656.3813208805870545       0.9884796599546501
     656.3815210140093086       0.9673381349313808
     656.3817211474316764       1.0493015181353473
     656.3819212808539305       0.9660693795561464
     656.3821214142761846       1.0366492858063481
     656.3823215476984387       0.9372185583025786
     656.3825216811208065       0.9501119899258853
     656.3827218145430606       0.9711036220694419
     656.3829219479653148       1.0175673302122146
     656.3831220813875689       0.9636898777463929
     656.3833222148099367       1.0130222932671775
     656.3835223482321908       0.9027791072712518
     656.3837224816544449       1.0061122533842310
     656.3839226150766990       0.9927316170067483
     656.3841227484990668       0.9802200668178148
     656.3843228819213209       0.9770970607270349
     656.3845230153435750       0.9536858921828890
     656.3847231487658291       0.9171206581984763
     656.3849232821881969       1.0241573166721087
     656.3851234156104510       1.0372014919199504
     656.3853235490327052       1.0030453450235808
     656.3855236824549593       0.9617559382284246
     656.3857238158772134       0.9457279973564602
     656.3859239492995812       0.9819697174878876
     656.3861240827218353       0.9410165287192315
     656.3863242161440894       0.8786760142849760
     656.3865243495663435       1.0067832530387204
     656.3867244829887113       1.0510469662832702
     656.3869246164109654       1.0300942813975018
     656.3871247498332195       0.9911162126095560
     656.3873248832554737       1.0356817230507946
     656.3875250166778414       1.0523622301484830
     656.3877251501000956       0.9194621778175628
     656.3879252835223497       0.9403735235446684
     656.3881254169446038       1.0371128240228342
     656.3883255503669716       0.9987415043077251
     656.3885256837892257       1.0202016746951428
     656.3887258172114798       1.0508920502766534
     656.3889259506337339       0.9468405372762017
     656.3891260840561017       0.9995507515286570
     656.3893262174783558       0.9867166198149594
     656.3895263509006099       1.0189798806889567
     656.3897264843228641       0.9443721983085455
     656.3899266177452319       0.9355504305111936
     656.3901267511674860       0.9990101480320095
     656.3903268845897401       1.0108908916452519
     656.3905270180119942       0.9248060157305770
     656.3907271514343620       1.0090220745795533
     656.3909272848566161       0.8986120573536077
     656.3911274182788702       0.9526956657845379
     656.3913275517011243       0.9898269476774908
     656.3915276851233784       0.9485960525511077
     656.3917278185457462       0.9659967409823003
     656.3919279519680003       0.9789997245837505
     656.3921280853902545       0.9264464840621496
     656.3923282188125086       0.9099493493714140
     656.3925283522348764       0.9751336479767858
     656.3927284856571305       0.9063338127085361
     656.3929286190793846       0.9077899722353859
     656.3931287525016387       0.9717357146344706
     656.3933288859240065       0.9432675851649613
     656.3935290193462606       0.9334037086240796
     656.3937291527685147       0.8859640989617621
     656.3939292861907688       0.9424876470228766
     656.3941294196131366       0.9034453755342611
     656.3943295530353907       0.9093220486025300
     656.3945296864576449       0.8456441406255848
     656.3947298198798990       0.8928308061273281
     656.3949299533022668       0.9056873645857860
     656.3951300867245209       0.9084771111004377
     656.3953302201467750       0.9560379974603380
     656.3955303535690291       0.8805393875495969
     656.3957304869913969       0.8483252043957946
     656.3959306204136510       0.8167373907205870
     656.3961307538359051       0.8821144323858592
     656.3963308872581592       0.7867571872614165
     656.3965310206804133       0.9100832043737654
     656.3967311541027811       0.8625165430846840
     656.3969312875250353       0.8695715656768126
     656.3971314209472894       0.8205793163083728
     656.3973315543695435       0.8401643236001428
     656.3975316877919113       0.8927881603551503
     656.3977318212141654       0.8670575284913905
     656.3979319546364195       0.7974159306233111
     656.3981320880586736       0.8207923842944229
     656.3983322214810414       0.8274119603226163
     656.3985323549032955       0.8270833629539163
     656.3987324883255496       0.7819471742589894
     656.3989326217478038       0.8329210794053052
     656.3991327551701715       0.7628298984034783
     656.3993328885924257       0.9131029046971924
     656.3995330220146798       0.8225620710221719
     656.3997331554369339       0.9528481995850238
     656.3999332888593017       0.8690861589120193
     656.4001334222815558       0.8293070387817137
     656.4003335557038099       0.7956524634581925
     656.4005336891260640       0.8232250645897948
     656.4007338225484318       0.7992851004875410
     656.4009339559706859       0.7931187747427115
     656.4011340893929400       0.9575856608737277
     656.4013342228151942       0.7833686719798246
     656.4015343562375620       0.8991715083268919
     656.4017344896598161       0.8736477473158155
     656.4019346230820702       0.7934939906065478
     656.4021347565043243       0.7948309680577580
     656.4023348899265784       0.8692813297425978
     656.4025350233489462       0.9000214889850839
     656.4027351567712003       0.8244950240731006
     656.4029352901934544       0.8969167324211704
     656.4031354236157085       0.8565094898040231
     656.4033355570380763       0.9302917445910592
     656.4035356904603304       0.7360275476463493
     656.4037358238825846       0.8840478417006034
     656.4039359573048387       0.8955249376138554
     656.4041360907272065       0.9310019467991133
     656.4043362241494606       0.8643996142194430
     656.4045363575717147       0.8886502142910709
     656.4047364909939688       0.9547052537220748
     656.4049366244163366       0.8791459833394760
     656.4051367578385907       0.9594723891760648
     656.4053368912608448       0.8451273263821812
     656.4055370246830989       0.9465666905077738
     656.4057371581054667       0.9927964115310328
     656.4059372915277208       0.8576379489826098
     656.4061374249499750       0.9573402463136625
     656.4063375583722291       0.9221228959912626
     656.4065376917945969       0.8666193906509938
     656.4067378252168510       1.0115762305486973
     656.4069379586391051       0.9612893831555741
     656.4071380920613592       0.9695617880338485
     656.4073382254836133       0.9355899512171844
     656.4075383589059811       1.0143627312580319
     656.4077384923282352       0.9348644419431940
     656.4079386257504893       0.9344666286228355
     656.4081387591727434       1.0630935382631386
     656.4083388925951112       0.9722307059571964
     656.4085390260173654       0.9557077214198704
     656.4087391594396195       1.0238722150883248
     656.4089392928618736       1.0295903142844740
     656.4091394262842414       0.9859070053020532
     656.4093395597064955       0.9422136911762026
     656.4095396931287496       0.9446457479690535
     656.4097398265510037       0.9735002723716415
     656.4099399599733715       0.9818478969519984
     656.4101400933956256       1.0209977036424447
     656.4103402268178797       0.9472269057188784
     656.4105403602401339       1.0041694461466910
     656.4107404936625016       1.0168808926412560
     656.4109406270847558       1.0024994425924338
     656.4111407605070099       0.9628198485694354
     656.4113408939292640       1.0094570114463446
     656.4115410273516318       1.0842657992322193
     656.4117411607738859       0.9779442536875497
     656.4119412941961400       1.0739363079069861
     656.4121414276183941       0.9854105037255052
     656.4123415610407619       0.9904443644074595
     656.4125416944630160       1.0011375688494917
     656.4127418278852701       1.0130164544286884
     656.4129419613075243       0.9785872073544347
     656.4131420947297784       1.0190648820814896
     656.4133422281521462       1.0514468343244388
     656.4135423615744003       0.9924773216561849
     656.4137424949966544       0.8901693609958085
     656.4139426284189085       0.9183839454785039
     656.4141427618412763       1.0728307005000701
     656.4143428952635304       0.9758322771380576
     656.4145430286857845       1.0582097489831916
     656.4147431621080386       1.0104723565942662
     656.4149432955304064       0.9759553674321488
     656.4151434289526605       0.9372686899456387
     656.4153435623749147       1.0450471006819759
     656.4155436957971688       0.9732508926260418
     656.4157438292195366       0.9736006486638275
     656.4159439626417907       0.9264604515766184
     656.4161440960640448       1.0131162980725155
     656.4163442294862989       0.9599731911611123
     656.4165443629086667       0.9893858691891482
     656.4167444963309208       1.0725771985466377
     656.4169446297531749       0.9916435402171453
     656.4171447631754290       1.0326582965398674
     656.4173448965977968       1.0332518532371067
     656.4175450300200509       1.1245851183228086
     656.4177451634423051       0.9752929110355592
     656.4179452968645592       1.0204372998896214
     656.4181454302869270       0.9930959966798300
     656.4183455637091811       0.9454879360511771
     656.4185456971314352       0.9675802741190012
     656.4187458305536893       0.9885672745927625
     656.4189459639759434       0.9955468095202021
     656.4191460973983112       0.9939327437695040
     656.4193462308205653       1.0020352295221129
     656.4195463642428194       1.0037192138474342
     656.4197464976650735       0.9239664003741622
     656.4199466310874413       0.9748389902469050
     656.4201467645096955       1.0879078589922706
     656.4203468979319496       1.0450404972341496
     656.4205470313542037       0.9974626076936125
     656.4207471647765715       1.0068336161913432
     656.4209472981988256       1.0531502678404185
     656.4211474316210797       1.0647702202591314
     656.4213475650433338       0.9170602376506894
     656.4215476984657016       1.0521995811841907
     656.4217478318879557       1.0467264652356860
     656.4219479653102098       1.0436631602139315
     656.4221480987324640       1.0489229434402898
     656.4223482321548317       0.9832625469538486
     656.4225483655770859       1.0020238802237873
     656.4227484989993400       1.0638219324874048
     656.4229486324215941       0.9341274673498509
     656.4231487658439619       1.0724395569400187
     656.4233488992662160       0.9142080401359849
     656.4235490326884701       0.9888749704102858
     656.4237491661107242       0.9537176041545974
     656.4239492995329783       1.0074222743844630
     656.4241494329553461       1.0541613490642143
     656.4243495663776002       1.0327420405384307
     656.4245496997998544       1.0233916684714044
     656.4247498332221085       1.1192746675555276
     656.4249499666444763       1.0928274833967968
     656.4251501000667304       1.0482102441768746
     656.4253502334889845       1.0702186447092543
     656.4255503669112386       0.9782287252554136
     656.4257505003336064       0.9800271297014919
     656.4259506337558605       0.9935112049490099
     656.4261507671781146       1.0554268172976160
     656.4263509006003687       1.0605469941447530
     656.4265510340227365       1.0671432017817004
     656.4267511674449906       1.0311279724952012
     656.4269513008672448       1.0495936982097100
     656.4271514342894989       0.9464226402173866
     656.4273515677118667       0.9972724751449676
     656.4275517011341208       1.0037682552271492
     656.4277518345563749       0.9731900002747459
     656.4279519679786290       0.9777747243600564
     656.4281521014009968       0.9589951485365724
     656.4283522348232509       0.9144511297324323
     656.4285523682455050       1.0963681563720427
     656.4287525016677591       0.9665168002237633
     656.4289526350901269       0.9884849572547145
     656.4291527685123810       0.9744776934380379
     656.4293529019346352       1.0569295361634659
     656.4295530353568893       0.9432970173654585
     656.4297531687791434       0.9895918751133844
     656.4299533022015112       0.9727909136562423
     656.4301534356237653       0.9514833465217778
     656.4303535690460194       0.9799381587653828
     656.4305537024682735       0.9141448438167215
     656.4307538358906413       0.9253927767276521
     656.4309539693128954       0.9840627182274891
     656.4311541027351495       1.0225033015012630
     656.4313542361574036       0.9854572014883085
     656.4315543695797714       1.0926717743277499
     656.4317545030020256       1.0784943476319278
     656.4319546364242797       0.9807018134742952
     656.4321547698465338       1.0265413317829355
     656.4323549032689016       0.9983027307316651
     656.4325550366911557       1.0479061454534524
     656.4327551701134098       0.9732474256306882
     656.4329553035356639       0.9601359702646729
     656.4331554369580317       0.9683105126023290
     656.4333555703802858       1.0240328758955002
     656.4335557038025399       1.0002157616254408
     656.4337558372247940       0.9385335333645343
     656.4339559706471618       1.0487674511969090
     656.4341561040694160       1.0082499803975224
     656.4343562374916701       0.9695467762649059
     656.4345563709139242       1.0720481649041176
     656.4347565043361783       1.0281585305929184
     656.4349566377585461       1.0624345354735851
     656.4351567711808002       1.0904548913240433
     656.4353569046030543       1.0321693941950798
     656.4355570380253084       1.0461748205125332
     656.4357571714476762       1.0144185265526175
     656.4359573048699303       1.0909048244357109
     656.4361574382921845       0.9650461561977863
     656.4363575717144386       1.0251511540263891
     656.4365577051368064       0.9598764888942242
     656.4367578385590605       1.0474423468112946
     656.4369579719813146       0.9428311884403229
     656.4371581054035687       0.9217877462506294
     656.4373582388259365       1.0302680972963572
     656.4375583722481906       0.9964044436346740
     656.4377585056704447       1.0179518591612577
     656.4379586390926988       1.0416702404618263
     656.4381587725150666       0.9337680414319038
     656.4383589059373207       1.0403517484664917
     656.4385590393595749       1.0044875727035105
     656.4387591727818290       0.9676132872700691
     656.4389593062041968       1.0791061520576477
     656.4391594396264509       0.9956783475354314
     656.4393595730487050       0.9846893558278680
     656.4395597064709591       1.0442394837737083
     656.4397598398933269       0.9749717228114605
     656.4399599733155810       0.9711784720420837
     656.4401601067378351       0.9979831601958722
     656.4403602401600892       0.8769960477948189
     656.4405603735823433       0.9336095526814461
     656.4407605070047111       1.0066256276331842
     656.4409606404269653       0.8855830058455467
     656.4411607738492194       1.0754724517464638
     656.4413609072714735       1.1252118498086929
     656.4415610406938413       0.9738684911280870
     656.4417611741160954       1.0124845122918487
     656.4419613075383495       1.0010735237738118
     656.4421614409606036       0.9712161067873240
     656.4423615743829714       0.9726474639028311
     656.4425617078052255       0.9992660876014270
     656.4427618412274796       1.0417119041085243
     656.4429619746497337       0.9578651562333107
     656.4431621080721015       0.9812163114547729
     656.4433622414943557       0.9976272084750235
     656.4435623749166098       0.9465625099837780
     656.4437625083388639       0.9081391096115112
     656.4439626417612317       0.9851481588557363
     656.4441627751834858       0.9806051589548588
     656.4443629086057399       1.1022516638040543
     656.4445630420279940       1.0029069257434458
     656.4447631754503618       1.0119640873745084
     656.4449633088726159       0.9088945686817169
     656.4451634422948700       1.0952152088284492
     656.4453635757171241       0.9677029289305210
     656.4455637091393783       0.9648529477417469
     656.4457638425617461       0.9611671715974808
     656.4459639759840002       1.0204048566520214
     656.4461641094062543       0.9584685750305653
     656.4463642428285084       0.9861710146069527
     656.4465643762508762       1.0183444879949093
     656.4467645096731303       0.9962288085371256
     656.4469646430953844       0.9735816717147827
     656.4471647765176385       0.9643380641937256
     656.4473649099400063       1.0455155074596405
     656.4475650433622604       0.9866591887548566
     656.4477651767845146       1.0002460159594193
     656.4479653102067687       1.0098086176440120
     656.4481654436291365       0.9638800658285618
     656.4483655770513906       1.0176326707005501
     656.4485657104736447       0.9984617972513661
     656.4487658438958988       1.0041820406913757
     656.4489659773182666       0.9739646781235933
     656.4491661107405207       0.9378670156002045
     656.4493662441627748       0.8479848206043243
     656.4495663775850289       0.9766442943364382
     656.4497665110073967       0.9859052151441574
     656.4499666444296508       0.9407932758331299
     656.4501667778519050       1.0559797883033752
     656.4503669112741591       1.0564160123467445
     656.4505670446965269       1.0198971070349216
     656.4507671781187810       0.9456315226852894
     656.4509673115410351       1.0035276603884995
     656.4511674449632892       1.0187819786369801
     656.4513675783855433       0.9079325646162033
     656.4515677118079111       0.9839077852666378
     656.4517678452301652       1.0323201715946198
     656.4519679786524193       1.0284480247646570
     656.4521681120746734       1.0693527907133102
     656.4523682454970412       1.1139559745788574
     656.4525683789192954       1.0245124362409115
     656.4527685123415495       0.9762527793645859
     656.4529686457638036       0.9761923756450415
     656.4531687791861714       0.8985196352005005
     656.4533689126084255       0.9800394587218761
     656.4535690460306796       0.9888061825186014
     656.4537691794529337       0.8941645473241806
     656.4539693128753015       0.9155033081769943
     656.4541694462975556       0.8951750770211220
     656.4543695797198097       1.0429235026240349
     656.4545697131420638       1.0289085954427719
     656.4547698465644316       1.0682398900389671
     656.4549699799866858       0.9240336194634438
     656.4551701134089399       0.9956742478534579
     656.4553702468311940       0.9120989218354225
     656.4555703802535618       1.0220700409263372
     656.4557705136758159       1.0221482533961535
     656.4559706470980700       0.9311386570334435
     656.4561707805203241       0.8903641551733017
     656.4563709139425782       0.9753504302352667
     656.4565710473649460       0.9732220936566591
     656.4567711807872001       1.0625628307461739
     656.4569713142094542       0.9670160934329033
     656.4571714476317084       1.0402507968246937
     656.4573715810540762       0.9783720839768648
     656.4575717144763303       0.9946895595639944
     656.4577718478985844       0.9998134781199042
     656.4579719813208385       0.9907377390190959
     656.4581721147432063       0.9947023391723633
     656.4583722481654604       0.9566416479647160
     656.4585723815877145       1.0292293075472116
     656.4587725150099686       1.0496577247977257
     656.4589726484323364       0.9554456993937492
     656.4591727818545905       0.9187920764088631
     656.4593729152768447       1.0322090946137905
     656.4595730486990988       1.0075344108045101
     656.4597731821214666       0.9678667560219765
     656.4599733155437207       1.0358603708446026
     656.4601734489659748       0.9400627836585045
     656.4603735823882289       0.9717628229409456
     656.4605737158105967       1.0097967674955726
     656.4607738492328508       0.9647522419691086
     656.4609739826551049       1.0177134703844786
     656.4611741160773590       1.0779872462153435
     656.4613742494997268       1.0193407814949751
     656.4615743829219809       1.0735831037163734
     656.4617745163442351       1.0459206514060497
     656.4619746497664892       0.9854642357677221
     656.4621747831887433       0.9141391515731812
     656.4623749166111111       1.0196093693375587
     656.4625750500333652       1.0032845870591700
     656.4627751834556193       1.0649253949522972
     656.4629753168778734       1.0368379689753056
     656.4631754503002412       0.9489388167858124
     656.4633755837224953       1.0751215666532516
     656.4635757171447494       1.0281897690147161
     656.4637758505670035       1.0147632798179984
     656.4639759839893713       1.0980171784758568
     656.4641761174116255       0.9820935800671577
     656.4643762508338796       0.9980809303233400
     656.4645763842561337       0.9962511241901666
     656.4647765176785015       1.0075797894969583
     656.4649766511007556       1.0158175528049469
     656.4651767845230097       1.0223893411457539
     656.4653769179452638       0.9606711715459824
     656.4655770513676316       0.9907389916479588
     656.4657771847898857       1.0362697467207909
     656.4659773182121398       0.9855639738962054
     656.4661774516343939       1.0433867275714874
     656.4663775850567617       1.0920952707529068
     656.4665777184790159       1.0319612286984921
     656.4667778519012700       1.1151579841971397
     656.4669779853235241       0.9998287318885559
     656.4671781187458919       1.0353947840631008
     656.4673782521681460       1.0394472554326057
     656.4675783855904001       0.9943164926953614
     656.4677785190126542       1.0132467886433005
     656.4679786524349083       1.0814073979854584
     656.4681787858572761       0.9298799112439156
     656.4683789192795302       1.0080513376742601
     656.4685790527017843       0.9790159650146961
     656.4687791861240385       0.9405505768954754
     656.4689793195464063       0.9959946046583354
     656.4691794529686604       1.0673924386501312
     656.4693795863909145       0.9844799982383847
     656.4695797198131686       1.0268478542566299
     656.4697798532355364       1.1311065703630447
     656.4699799866577905       1.0289629548788071
     656.4701801200800446       1.0193673279136419
     656.4703802535022987       0.9711945261806250
     656.4705803869246665       0.9374993070960045
     656.4707805203469206       1.0271885897964239
     656.4709806537691748       0.9017502665519714
     656.4711807871914289       0.8872809782624245
     656.4713809206137967       0.9607390612363815
     656.4715810540360508       1.0537922494113445
     656.4717811874583049       0.9300499334931374
     656.4719813208805590       0.9731760527938604
     656.4721814543029268       1.0824212357401848
     656.4723815877251809       1.0105958310887218
     656.4725817211474350       1.0949037894606590
     656.4727818545696891       1.0086296238005161
     656.4729819879919432       1.0437470674514771
     656.4731821214143110       1.0340080074965954
     656.4733822548365652       0.9304945021867752
     656.4735823882588193       0.9674784019589424
     656.4737825216810734       1.0117579400539398
     656.4739826551034412       1.0030784856062382
     656.4741827885256953       1.0196483023464680
     656.4743829219479494       1.0518568046391010
     656.4745830553702035       0.8682674467563629
     656.4747831887925713       0.9339197948575020
     656.4749833222148254       0.9949970580637455
     656.4751834556370795       0.9785183165222406
     656.4753835890593336       0.9899027040228248
     656.4755837224817014       1.0200012046843767
     656.4757838559039556       1.0612878985702991
     656.4759839893262097       0.9387325234711170
     656.4761841227484638       1.0035702714230865
     656.4763842561708316       0.9628201313316822
     656.4765843895930857       0.9508851952850819
     656.4767845230153398       1.1240379810333252
     656.4769846564375939       0.9468432851135731
     656.4771847898599617       0.9828043542802334
     656.4773849232822158       1.0004472613509279
     656.4775850567044699       1.0753059014678001
     656.4777851901267240       1.0155189484357834
     656.4779853235490918       0.9253801330924034
     656.4781854569713460       1.0086125237867236
     656.4783855903936001       1.0327936671674252
     656.4785857238158542       0.9632034413516521
     656.4787858572381083       0.9226877167820930
     656.4789859906604761       0.9751999396830797
     656.4791861240827302       0.9971958941314369
     656.4793862575049843       0.9847613694146276
     656.4795863909272384       1.0218265689909458
     656.4797865243496062       0.9950359449721873
     656.4799866577718603       0.9811191726475954
     656.4801867911941144       1.0586320459842682
     656.4803869246163686       0.9704515486955643
     656.4805870580387364       1.0967945456504822
     656.4807871914609905       0.9062447622418404
     656.4809873248832446       0.9543747939169407
     656.4811874583054987       1.0017211107769981
     656.4813875917278665       0.9832994062453508
     656.4815877251501206       0.9425307214260101
     656.4817878585723747       0.9341403543949127
     656.4819879919946288       0.9674865230917931
     656.4821881254169966       0.9856424983590841
     656.4823882588392507       0.8868870586156845
     656.4825883922615049       1.0286321435123682
     656.4827885256837590       0.9537358470261097
     656.4829886591061268       0.9687871504575014
     656.4831887925283809       1.0050974073819816
     656.4833889259506350       1.0161316394805908
     656.4835890593728891       1.0379253253340721
     656.4837891927951432       0.9826290551573038
     656.4839893262175110       1.0685717239975929
     656.4841894596397651       1.0165294315665960
     656.4843895930620192       0.9382313303649426
     656.4845897264842733       1.0833124667406082
     656.4847898599066411       1.0102764274924994
     656.4849899933288953       1.0122872609645128
     656.4851901267511494       1.0493781939148903
     656.4853902601734035       0.9734733849763870
     656.4855903935957713       0.9948533987626433
     656.4857905270180254       1.1018055006861687
     656.4859906604402795       0.9959253394044936
     656.4861907938625336       0.9905578121542931
     656.4863909272849014       0.9862093934789300
     656.4865910607071555       0.9941918528638780
     656.4867911941294096       0.9179658070206642
     656.4869913275516637       1.1077607274055481
     656.4871914609740315       1.0127238426357508
     656.4873915943962857       1.0179628394544125
     656.4875917278185398       1.0629766657948494
     656.4877918612407939       0.9010632410645485
     656.4879919946631617       0.9829716607928276
     656.4881921280854158       1.0507736988365650
     656.4883922615076699       0.9679410047829151
     656.4885923949299240       0.9643349833786488
     656.4887925283522918       1.0313091538846493
     656.4889926617745459       1.0026934368070215
     656.4891927951968000       1.0190355759114027
     656.4893929286190541       0.9294215515255928
     656.4895930620413083       0.9150726869702339
     656.4897931954636761       1.0631624385714531
     656.4899933288859302       0.9163171574473381
     656.4901934623081843       1.0696081295609474
     656.4903935957304384       0.9514066167175770
     656.4905937291528062       1.0406011007726192
     656.4907938625750603       1.0305428989231586
     656.4909939959973144       1.0907995328307152
     656.4911941294195685       0.9895274452865124
     656.4913942628419363       0.9930333150550723
     656.4915943962641904       1.0369884632527828
     656.4917945296864445       1.0022099518682808
     656.4919946631086987       1.0486662015318871
     656.4921947965310665       0.9718147628009319
     656.4923949299533206       1.0426387228071690
     656.4925950633755747       1.0780602917075157
     656.4927951967978288       1.0105962641537189
     656.4929953302201966       1.0495469197630882
     656.4931954636424507       0.9764011334627867
     656.4933955970647048       0.9995004988159053
     656.4935957304869589       1.0226510707288980
     656.4937958639093267       1.0542488768696785
     656.4939959973315808       0.9555185958743095
     656.4941961307538350       0.9883929705247283
     656.4943962641760891       1.0264444649219513
     656.4945963975983432       0.9800279960036278
     656.4947965310207110       0.9900715565308928
     656.4949966644429651       0.9774763658642769
     656.4951967978652192       1.0407269559800625
     656.4953969312874733       1.0240289326757193
     656.4955970647098411       0.9446870721876621
     656.4957971981320952       1.0551740489900112
     656.4959973315543493       0.9407972618937492
     656.4961974649766034       0.9836919549852610
     656.4963975983989712       1.0387260019779205
     656.4965977318212254       0.8891691565513611
     656.4967978652434795       1.1014303565025330
     656.4969979986657336       0.9998569230083376
     656.4971981320881014       1.0363149717450142
     656.4973982655103555       1.0480749569833279
     656.4975983989326096       0.9650408960878849
     656.4977985323548637       1.0378617011010647
     656.4979986657772315       0.9637279249727726
     656.4981987991994856       0.9684995561838150
     656.4983989326217397       0.9755435939878225
     656.4985990660439938       1.0287676639854908
     656.4987991994663616       1.0107504930347204
     656.4989993328886158       0.9679841063916683
     656.4991994663108699       1.0779867544770241
     656.4993995997331240       0.9728825241327286
     656.4995997331554918       1.0268547441810369
     656.4997998665777459       1.0256167035549879
     656.5000000000000000       0.9231073930859566

