init
boost 0.001 -718.76985812  514.61337225    0
boost 0.002 270.76323099  -179.29594236    0.
boost 163771.404155 -2605.89166361  1724.99358439  2253.16477861
picture 171000.0 1.870175532 0.986045561026 0 0 1
picture 171363.121341 2.20080928069 0.986046147188 0 0 1
picture 171726.242681 2.53142292785 0.986047124589 0 0 1
picture 172089.364022 2.86202256105 0.986049986517 0 0 1
picture 172452.485362 3.09056943424 -2.15557482077 0 0 1
picture 172815.606703 2.7599744556 -2.15555099673 0 0 1
picture 173178.728043 2.42936989079 -2.15554913743 0 0 1
picture 173541.849384 2.09874855978 -2.1555483358 0 0 1
picture 173904.970724 1.76810518978 -2.15554780152 0 0 1
picture 174268.092065 1.43743688206 -2.15554733582 0 0 1
picture 174631.213405 1.10674381716 -2.15554682511 0 0 1
picture 174994.334746 0.776028574279 -2.15554610242 0 0 1
picture 175357.456086 0.445296004413 -2.15554460194 0 0 1
picture 175720.577427 0.114552831917 -2.15553540663 0 0 1
picture 176083.698767 0.216192916648 0.986038783348 0 0 1
picture 176446.820108 0.546932671998 0.986042841263 0 0 1
picture 176809.941448 0.877658894631 0.986043972815 0 0 1
picture 177173.062789 1.20836550003 0.986044602151 0 0 1
picture 177536.184129 1.5390486175 0.986045086476 0 0 1
picture 177899.30547 1.86970662238 0.986045560317 0 0 1
orient 191000
launchlander 191000.001   10.71343948  16.18406379 -55.27612649
video 191000.01 1.23323907368 0.986044641433
parachute 198930.721101 47.7491405026
video  212991.9 0.6689760040518907 6.1636462956641545
picture 213990 -1.5 1.5 0 0 1
landing 660000 0 0
